bag_id, [labels]
1,1,3
2,1,3
3,1,3
4,3
5,1,3
6,4,5
7,1,4,5,8
8,1,4,5
9,3,4,5
10,1,3,4
11,1,4,5,6
12,1,4,6
13,3,4
14,1,3
15,1,3,4,6
16,4,6,8
17,1,6
18,1,4,6,8
19,1,4,6,8
20,1,4,6,8
21,4,6,8
22,4,6
23,3,4,6
24,4,6
25,1,3
26,4,6
27,4,6
28,1,4,6
29,1,4,6
30,1,4,6
31,1,4,6
32,1,4,6
33,1,4,6,8
34,4,6
35,1,4,6
36,1,3
37,1,4,6
38,1,4,6
39,1,6
40,1,4,6,8
41,1,4,6,8
42,1,4,6
43,1,4,6,8
44,1,6
45,1,6
46,1,4,6
47,1,2,3
48,1,4
49,4,6
50,4,6
51,4
52,1,4
53,1,3,4,6
54,3,4,6
55,1,3,4
56,1,4
57,1,4
58,1,3,4
59,1,3,4
60,1,3,4
61,1,4
62,1,3
63,1,3
64,1,3,4
65,1,3
66,1,3,5
67,1,3,5
68,1,3
69,1,3
70,1,3
71,1,3
72,1,3,5
73,1,5
74,1,3
75,1,3,5
76,1,4,5
77,1,3,4,5
78,1,3,4,5
79,1,3,4,5
80,1,3,4,5
81,1,4,5,6
82,1,3,5,6
83,1,5,6
84,1,3,5,6
85,1,3
86,1,3,6
87,1,3,6
88,1,6
89,1,3,6
90,1,3,6
91,1,6
92,1,3,6
93,1,3,6
94,1,6
95,1,3,6
96,1,2
97,1,6
98,1,6,7
99,1,6
100,1,6
101,1,6,7
102,1,6,7
103,1,6,7
104,1,6,7,8
105,1,6,7,8
106,1,6,7
107,1,2
108,1,6,8
109,1,6,8
110,1,6,7
111,1,6
112,1,6,7
113,1,3,7
114,1,7
115,1,6
116,1,6
117,1,6
118,1,2,3
119,1,6
120,6,8
121,1,6
122,1,6
123,1,6
124,6,8
125,8
126,6,8
127,1,8
128,1,4,6,8
129,1,2
130,4,6,8
131,4,6,8
132,4,8
133,4,8
134,4,8
135,3,4,8
136,1,3,4,6
137,1,3,4,6
138,1,4,6
139,1,4,6
140,1,2
141,1,4,6,8
142,1,4,6
143,1,3,4,5
144,1,4,6
145,1,4,6
146,1,4,6,8
147,1,4,6
148,1,3,4,6
149,1,6
150,1,3
151,4,9
152,4,9,10
153,9
154,9
155,9
156,1,9
157,9,10
158,1,9
159,9
160,9,10
161,9,10
162,9
163,4,9,10
164,9,11
165,9,11
166,9,11
167,9,11
168,9,10
169,9
170,9
171,9
172,9
173,9
174,4,9,10
175,9,10
176,9,10
177,9,10
178,9,10
179,9,10
180,9,10
181,9,10
182,9,10
183,9,10
184,9,10
185,4,9,10
186,9,10
187,9,10
188,9,10
189,9,10
190,9,10
191,9,10
192,3,9,10
193,9,10
194,9,10
195,9,10
196,4,9,10
197,9,10
198,9,10,11
199,9,10,11
200,9,10,11
201,9,10,11
202,9,10,11
203,9,10,11
204,9,10,11
205,9,10,11
206,9,10,11
207,9,10
208,9,10,11
209,9,11
210,9,10
211,9,11
212,9,10,11
213,9,10,11
214,9,10,11
215,9,10,11
216,9,10,11
217,9,10,11
218,4,9,10
219,9,10,11
220,9,10,11
221,9,10,11
222,9,11
223,9,10,11
224,9,10,11
225,9,10,11
226,9,10,11
227,9,10,11
228,9,11
229,1,9,10
230,9,10,11
231,9,10,11
232,9,10,11
233,9,11
234,9,11
235,9,10,11
236,9,10,11
237,9,11
238,9,11
239,4,9
240,12
241,12
242,12
243,12
244,12
245,12
246,12
247,12
248,12
249,12
250,12
251,12
252,12
253,12
254,12
255,12
256,12
257,12
258,12
259,12
260,12
261,12
262,12
263,12
264,12
265,12
266,12
267,12
268,12
269,12
270,12
271,12
272,12
273,12
274,12
275,12
276,12
277,12
278,12
279,12
280,12
281,12
282,12
283,12
284,12
285,12
286,12
287,12
288,12
289,12
290,12
291,12
292,12
293,12
294,12
295,12
296,12
297,12
298,12
299,12
300,12
301,12
302,12
303,12
304,12
305,12
306,12
307,12
308,12
309,12
310,12
311,12
312,12
313,12
314,12
315,12
316,12
317,12
318,12
319,12
320,12
321,12
322,12
323,12
324,12
325,12
326,12
327,12
328,12
329,12
330,12
331,12
332,12
333,12
334,12
335,12
336,12
337,12
338,12
339,12
340,12
341,12
342,12
343,11
344,8
345,8
346,8
347,8
348,8
349,8
350,8
351,8
352,8
353,11
354,8
355,8
356,8
357,8
358,8
359,8
360,8
361,8
362,8,11
363,11
364,11
365,11
366,11
367,11
368,11
369,11
370,11
371,11
372,11
373,11
374,11
375,8,11
376,8
377,8
378,8
379,8
380,8
381,8
382,8
383,8
384,8
385,8
386,8
387,8
388,8
389,8
390,8
391,11
392,11
393,11
394,11
395,8,11
396,8,11
397,8,11
398,8,11
399,8,11
400,8,11
401,8,11
402,8,11
403,8,11
404,8
405,8
406,8
407,8,11
408,8,11
409,8
410,8,11
411,8,11
412,8
413,8
414,8,11
415,8,11
416,8,11
417,8
418,8,11
419,11
420,8
421,8
422,8
423,8
424,8
425,8
426,8
427,8
428,8
429,8
430,1
431,3,13
432,2,3,13
433,2,3,13
434,1,2,3,13
435,2,3,13
436,1,2,3,13
437,1,2,3,13
438,2,3,13
439,1,2,3,13
440,2,3,13
441,2,3,13
442,2,3,8,13
443,2,3,8,13
444,2,13
445,1,2,3,13
446,1,2,3,8,13
447,1,2,3,13
448,2,3,8,13
449,2,3,8,13
450,2,3,8,13
451,2,3,8,13
452,2,13
453,2,3,13
454,2,3,7,13
455,2,13
456,2,3,13
457,2,3,13
458,2,3
459,3,13
460,2,3
461,1,3
462,1,2,3
463,3
464,1,3,8
465,2,3,8
466,1,2,3,8
467,1,2,3
468,3,8
469,1,2,3
470,1,2,3
471,2,3
472,1,2,3
473,1,3,8
474,2,3
475,2,3
476,1,3,8
477,1,2,3,8
478,3,8
479,1,3
480,1,2,3
481,1,2,3
482,1,2,3
483,1,3
484,1,2,3,8
485,3,13
486,1,2,3
487,1,2,3
488,1,2,3,8
489,1,2,3
490,1,2,3
491,1,2,3
492,1,2,3
493,2,3
494,1,2,3
495,1,2,3
496,3,13
497,2,3
498,1,2,3
499,1,2,3
500,2,8
501,1,2
502,1,2
503,1,2,8
504,2,8
505,1,2
506,1,2,3
507,2,3
508,1,2,3
509,1,2,3
510,1,2,3
511,1,2,3
512,1,2,3
513,1,2,3
514,1,3
515,1,2,3
516,1,2,3
517,1,2,3
518,3,13
519,1,2,3
520,1,2,3
521,2,3
522,2,3
523,2,3
524,2,3,7
525,1,2,3,7
526,1,2,3
527,2,3,13
528,1,2,3,7
529,1,2,3
530,1,2,3
531,1,2,3
532,1,2,3
533,1,2,3
534,1,2,3
535,2,3,13
536,1,2,3,13
537,1,2,3,13
538,2,3,8,13
539,2,3,13
540,2,3,13
541,1,2,3,13
542,1,2,3,13
543,2,3,13
544,2,3,13
545,1,2,3,13
546,1,2,3,13
547,1,2,3,13
548,1,2,3,13
