bag_id, instance_label
1,-1
1,-1
1,-1
1,-1
1,-1
1,-1
1,-1
1,-1
1,-1
1,-1
1,-1
1,-1
1,-1
1,-1
1,-1
1,-1
1,1
1,-1
1,3
1,3
1,-1
1,-1
1,-1
1,-1
1,-1
1,-1
1,3
1,-1
2,-1
2,-1
2,-1
2,-1
2,1
2,-1
2,-1
2,-1
2,-1
2,-1
2,-1
2,-1
2,3
2,-1
2,-1
2,-1
2,3
2,3
2,-1
2,-1
2,-1
2,-1
2,3
2,-1
2,-1
2,-1
3,-1
3,-1
3,-1
3,-1
3,-1
3,-1
3,-1
3,-1
3,-1
3,-1
3,-1
3,3
3,-1
3,-1
3,-1
3,-1
3,-1
3,-1
3,3
3,-1
3,-1
3,1
3,-1
3,-1
3,-1
3,-1
3,-1
3,3
3,-1
3,1
3,-1
3,-1
4,-1
4,-1
4,-1
4,-1
4,-1
4,-1
4,3
4,3
4,-1
4,-1
4,-1
4,3
4,3
4,-1
4,-1
4,-1
4,-1
5,-1
5,-1
5,3
5,-1
5,-1
5,-1
5,-1
5,-1
5,-1
5,-1
5,-1
5,-1
5,-1
5,1
5,-1
5,-1
5,1
5,1
5,-1
5,1
5,-1
6,4
6,4
6,4
6,4
6,4
6,4
6,4
6,-1
6,-1
6,5
6,-1
6,5
6,-1
6,-1
6,-1
6,5
6,5
6,-1
6,5
6,-1
6,-1
6,-1
6,-1
6,5
6,-1
6,-1
6,-1
7,4
7,4
7,4
7,4
7,4
7,4
7,-1
7,-1
7,-1
7,5
7,-1
7,-1
7,5
7,-1
7,8
7,5
7,8
7,-1
7,8
7,1
7,-1
7,-1
7,-1
7,1
7,1
8,4
8,4
8,4
8,4
8,-1
8,-1
8,-1
8,5
8,5
8,5
8,-1
8,5
8,5
8,5
8,5
8,-1
8,5
8,5
8,-1
8,5
8,-1
8,-1
8,1
8,-1
8,5
8,-1
8,1
8,-1
8,-1
8,1
8,-1
9,4
9,4
9,4
9,4
9,4
9,4
9,4
9,4
9,4
9,5
9,5
9,-1
9,-1
9,3
9,-1
9,-1
9,-1
9,-1
9,-1
9,5
9,-1
9,5
9,5
9,3
9,-1
9,-1
9,-1
9,-1
9,-1
9,-1
9,-1
9,-1
9,-1
10,4
10,4
10,4
10,4
10,4
10,-1
10,-1
10,-1
10,-1
10,-1
10,3
10,-1
10,-1
10,-1
10,-1
10,-1
10,1
10,3
10,-1
10,1
10,-1
10,-1
10,-1
10,-1
10,-1
10,-1
10,1
10,-1
10,-1
11,4
11,4
11,4
11,4
11,4
11,4
11,4
11,4
11,-1
11,6
11,-1
11,6
11,-1
11,-1
11,-1
11,-1
11,5
11,5
11,-1
11,-1
11,-1
11,5
11,-1
11,-1
11,-1
11,-1
11,1
11,1
11,-1
11,1
11,-1
11,-1
11,-1
11,-1
11,-1
11,-1
12,4
12,4
12,4
12,4
12,-1
12,-1
12,6
12,-1
12,6
12,-1
12,6
12,-1
12,-1
12,-1
12,-1
12,-1
12,-1
12,-1
12,-1
12,-1
12,-1
12,1
12,-1
12,-1
12,1
12,-1
12,-1
12,-1
12,-1
13,4
13,4
13,4
13,-1
13,-1
13,-1
13,-1
13,4
13,-1
13,-1
13,-1
13,-1
13,-1
13,3
13,-1
13,-1
13,-1
13,-1
13,-1
13,-1
13,-1
13,-1
13,-1
13,-1
13,-1
13,-1
13,-1
13,-1
13,-1
13,-1
13,-1
14,-1
14,-1
14,-1
14,-1
14,-1
14,-1
14,-1
14,-1
14,-1
14,-1
14,-1
14,-1
14,3
14,-1
14,-1
14,-1
14,-1
14,-1
14,-1
14,-1
14,3
14,-1
14,-1
14,1
14,-1
14,-1
14,-1
14,-1
14,-1
14,1
15,4
15,4
15,4
15,4
15,4
15,4
15,6
15,6
15,-1
15,-1
15,-1
15,-1
15,-1
15,-1
15,-1
15,-1
15,3
15,3
15,-1
15,-1
15,-1
15,-1
15,-1
15,-1
15,-1
15,-1
15,3
15,-1
15,-1
15,-1
15,1
15,-1
15,-1
15,-1
15,3
15,-1
15,-1
15,1
16,4
16,4
16,4
16,4
16,4
16,4
16,4
16,6
16,-1
16,6
16,-1
16,-1
16,-1
16,-1
16,-1
16,-1
16,-1
16,-1
16,-1
16,8
16,-1
16,8
16,8
16,-1
16,8
16,-1
16,-1
16,-1
16,-1
16,-1
17,6
17,6
17,-1
17,6
17,-1
17,-1
17,6
17,-1
17,-1
17,-1
17,-1
17,-1
17,-1
17,-1
17,-1
17,-1
17,-1
17,-1
17,1
17,1
17,-1
17,1
17,-1
17,-1
17,-1
17,-1
18,4
18,4
18,4
18,6
18,6
18,6
18,-1
18,6
18,-1
18,-1
18,6
18,-1
18,-1
18,-1
18,-1
18,-1
18,-1
18,-1
18,1
18,8
18,-1
18,-1
18,-1
18,1
18,1
18,1
19,4
19,4
19,-1
19,6
19,-1
19,6
19,-1
19,-1
19,-1
19,-1
19,-1
19,-1
19,-1
19,-1
19,-1
19,8
19,-1
19,8
19,-1
19,1
19,-1
19,-1
19,-1
19,-1
19,-1
19,8
19,-1
19,-1
19,-1
19,1
19,1
20,4
20,4
20,4
20,4
20,6
20,6
20,6
20,6
20,-1
20,-1
20,-1
20,-1
20,8
20,8
20,1
20,-1
20,-1
20,-1
20,-1
20,1
21,6
21,4
21,4
21,4
21,4
21,6
21,6
21,-1
21,6
21,-1
21,-1
21,-1
21,-1
21,-1
21,-1
21,-1
21,8
21,8
21,-1
21,8
21,-1
21,-1
21,-1
21,-1
22,4
22,4
22,4
22,4
22,4
22,4
22,4
22,6
22,-1
22,-1
22,-1
22,-1
22,-1
22,-1
22,-1
22,-1
22,-1
22,-1
22,-1
22,-1
22,-1
22,-1
22,-1
22,-1
22,-1
22,-1
22,-1
22,-1
22,-1
23,4
23,4
23,4
23,4
23,4
23,6
23,6
23,-1
23,6
23,-1
23,6
23,-1
23,-1
23,-1
23,3
23,3
23,-1
23,-1
23,-1
23,-1
23,-1
23,3
23,-1
23,-1
23,-1
23,-1
23,-1
23,-1
23,-1
24,4
24,4
24,4
24,6
24,4
24,4
24,4
24,4
24,-1
24,-1
24,-1
24,-1
24,-1
24,-1
24,-1
24,-1
24,-1
24,-1
24,-1
24,-1
25,-1
25,-1
25,-1
25,-1
25,-1
25,-1
25,-1
25,-1
25,-1
25,-1
25,-1
25,-1
25,-1
25,-1
25,1
25,-1
25,-1
25,3
25,-1
25,-1
25,-1
25,-1
25,-1
25,-1
25,-1
25,-1
25,-1
25,3
25,-1
25,-1
25,-1
25,-1
25,-1
25,1
25,1
26,4
26,4
26,4
26,4
26,4
26,4
26,4
26,4
26,4
26,4
26,6
26,-1
26,-1
26,-1
26,-1
26,-1
26,-1
26,-1
26,-1
26,-1
26,-1
26,-1
26,-1
27,4
27,4
27,4
27,4
27,4
27,4
27,4
27,4
27,6
27,-1
27,-1
27,-1
27,-1
27,-1
27,-1
27,-1
27,-1
27,-1
27,-1
27,-1
28,4
28,4
28,4
28,4
28,4
28,4
28,6
28,6
28,6
28,-1
28,6
28,-1
28,-1
28,-1
28,-1
28,-1
28,-1
28,-1
28,1
28,-1
28,-1
28,-1
28,1
28,1
28,1
28,1
28,1
29,4
29,4
29,4
29,4
29,4
29,4
29,4
29,6
29,-1
29,6
29,6
29,6
29,-1
29,-1
29,-1
29,-1
29,-1
29,-1
29,-1
29,-1
29,-1
29,-1
29,-1
29,-1
29,-1
29,-1
29,1
29,1
29,-1
29,1
29,-1
29,1
29,1
30,4
30,6
30,4
30,4
30,4
30,6
30,6
30,-1
30,6
30,-1
30,-1
30,-1
30,-1
30,-1
30,-1
30,1
30,1
30,-1
30,-1
30,-1
30,-1
30,-1
30,-1
30,1
30,1
30,1
30,-1
30,1
31,4
31,4
31,4
31,4
31,4
31,6
31,4
31,6
31,6
31,6
31,-1
31,-1
31,-1
31,-1
31,-1
31,-1
31,-1
31,1
31,-1
31,1
31,1
31,-1
31,1
31,1
31,1
31,-1
31,-1
31,1
31,1
31,1
31,1
32,4
32,4
32,4
32,4
32,4
32,4
32,4
32,6
32,6
32,-1
32,-1
32,-1
32,-1
32,-1
32,-1
32,-1
32,1
32,-1
32,-1
32,1
32,-1
32,-1
32,-1
32,1
32,-1
32,1
32,1
32,1
33,4
33,4
33,-1
33,6
33,6
33,4
33,6
33,-1
33,8
33,8
33,-1
33,-1
33,1
33,-1
33,-1
33,-1
33,-1
33,-1
33,-1
34,4
34,4
34,6
34,4
34,-1
34,-1
34,-1
34,-1
34,-1
34,-1
34,-1
34,-1
34,-1
34,-1
34,-1
34,-1
34,-1
34,-1
34,-1
34,-1
34,-1
34,-1
34,-1
34,-1
35,4
35,4
35,4
35,6
35,4
35,4
35,4
35,6
35,-1
35,-1
35,-1
35,-1
35,-1
35,-1
35,-1
35,-1
35,-1
35,-1
35,-1
35,-1
35,-1
35,-1
35,1
35,-1
35,-1
35,-1
35,1
35,-1
35,1
35,1
35,-1
35,1
35,1
35,1
36,-1
36,-1
36,-1
36,-1
36,-1
36,-1
36,-1
36,-1
36,-1
36,-1
36,1
36,-1
36,3
36,-1
36,-1
36,-1
36,-1
36,-1
36,-1
36,-1
36,-1
36,1
36,-1
36,-1
36,-1
36,3
36,1
36,-1
36,1
37,4
37,4
37,6
37,-1
37,4
37,6
37,-1
37,-1
37,-1
37,-1
37,-1
37,-1
37,-1
37,1
37,-1
37,1
37,-1
37,1
38,4
38,4
38,4
38,4
38,6
38,-1
38,-1
38,-1
38,-1
38,-1
38,-1
38,-1
38,-1
38,-1
38,-1
38,-1
38,-1
38,1
38,1
39,6
39,6
39,6
39,-1
39,-1
39,-1
39,-1
39,-1
39,-1
39,1
39,-1
39,1
39,-1
39,1
39,1
39,1
39,1
39,1
39,1
39,1
39,1
39,1
40,4
40,4
40,4
40,4
40,4
40,6
40,-1
40,-1
40,-1
40,-1
40,6
40,-1
40,8
40,-1
40,-1
40,8
40,8
40,8
40,8
40,-1
40,1
40,-1
40,-1
40,1
40,1
40,1
41,4
41,4
41,4
41,4
41,4
41,4
41,4
41,4
41,-1
41,-1
41,-1
41,-1
41,8
41,-1
41,1
41,-1
41,1
41,-1
41,1
41,1
42,4
42,4
42,4
42,4
42,4
42,4
42,6
42,6
42,6
42,4
42,-1
42,-1
42,-1
42,-1
42,-1
42,-1
42,-1
42,-1
42,-1
42,-1
42,-1
42,-1
42,1
42,1
42,1
42,1
42,1
42,1
42,1
42,1
43,4
43,4
43,6
43,6
43,6
43,-1
43,6
43,-1
43,6
43,-1
43,-1
43,-1
43,-1
43,-1
43,-1
43,-1
43,8
43,-1
43,-1
43,-1
43,-1
43,1
43,1
43,-1
44,6
44,6
44,6
44,6
44,-1
44,-1
44,-1
44,-1
44,-1
44,-1
44,-1
44,-1
44,1
44,-1
44,-1
44,-1
44,-1
44,1
44,1
44,1
44,1
45,6
45,6
45,6
45,6
45,-1
45,-1
45,-1
45,-1
45,-1
45,-1
45,-1
45,-1
45,-1
45,-1
45,-1
45,-1
45,-1
45,-1
45,-1
45,1
45,-1
45,-1
45,-1
45,1
45,-1
45,1
45,-1
46,4
46,4
46,4
46,4
46,4
46,6
46,6
46,6
46,4
46,-1
46,-1
46,-1
46,-1
46,-1
46,-1
46,-1
46,-1
46,-1
46,-1
46,-1
46,-1
46,-1
46,-1
46,-1
46,-1
46,-1
46,1
46,-1
46,-1
46,-1
47,2
47,-1
47,-1
47,-1
47,-1
47,-1
47,-1
47,2
47,2
47,-1
47,2
47,2
47,3
47,2
47,3
47,-1
47,-1
47,2
47,2
47,-1
47,2
47,-1
47,3
47,-1
47,2
47,2
47,2
48,4
48,4
48,4
48,4
48,4
48,4
48,4
48,4
48,4
48,-1
48,4
48,4
48,4
48,-1
48,-1
48,-1
48,-1
48,-1
48,-1
48,-1
48,-1
48,-1
48,-1
48,-1
48,-1
48,-1
48,-1
48,-1
48,1
48,1
48,1
49,4
49,4
49,4
49,6
49,-1
49,4
49,-1
49,4
49,-1
49,-1
49,-1
49,-1
49,-1
49,-1
49,-1
49,-1
49,-1
49,-1
49,-1
49,-1
49,-1
50,4
50,4
50,4
50,4
50,4
50,4
50,6
50,-1
50,-1
50,-1
50,-1
50,-1
50,-1
50,-1
50,-1
50,-1
50,-1
50,-1
50,-1
51,4
51,4
51,4
51,4
51,4
51,4
51,4
51,4
51,-1
51,-1
51,-1
51,-1
51,-1
51,-1
51,-1
51,-1
51,-1
51,-1
51,-1
51,-1
51,-1
51,-1
51,-1
51,-1
51,-1
51,-1
51,-1
52,4
52,4
52,4
52,4
52,4
52,4
52,4
52,4
52,-1
52,-1
52,-1
52,-1
52,-1
52,-1
52,-1
52,1
52,1
52,-1
53,4
53,4
53,4
53,4
53,4
53,-1
53,6
53,-1
53,-1
53,3
53,3
53,-1
53,-1
53,-1
53,-1
53,-1
53,3
53,3
53,-1
53,1
53,1
53,1
53,1
54,4
54,4
54,4
54,4
54,4
54,4
54,4
54,4
54,3
54,3
54,-1
54,-1
54,3
54,-1
54,-1
54,-1
54,-1
54,-1
54,-1
54,-1
54,-1
54,-1
55,4
55,4
55,4
55,4
55,4
55,4
55,4
55,4
55,3
55,-1
55,-1
55,-1
55,-1
55,-1
55,-1
55,-1
55,1
55,1
55,1
55,1
56,4
56,4
56,4
56,-1
56,-1
56,-1
56,-1
56,-1
56,1
56,1
56,-1
56,-1
56,1
56,1
56,1
57,4
57,4
57,4
57,4
57,4
57,-1
57,-1
57,-1
57,-1
57,-1
57,-1
57,-1
57,-1
57,-1
57,1
57,-1
57,-1
57,-1
57,-1
57,1
57,1
57,-1
57,-1
58,4
58,-1
58,-1
58,-1
58,-1
58,-1
58,-1
58,-1
58,-1
58,-1
58,-1
58,-1
58,-1
58,3
58,-1
58,-1
58,-1
58,-1
58,-1
58,-1
58,1
58,-1
58,-1
58,1
58,1
58,-1
58,3
58,-1
58,-1
59,4
59,-1
59,4
59,4
59,4
59,4
59,-1
59,-1
59,-1
59,-1
59,-1
59,-1
59,-1
59,-1
59,-1
59,-1
59,-1
59,-1
59,-1
59,-1
59,-1
59,3
59,-1
59,-1
59,-1
59,-1
59,-1
59,-1
59,-1
59,-1
59,-1
59,1
59,1
59,-1
59,3
59,1
59,1
60,4
60,4
60,-1
60,4
60,4
60,4
60,4
60,-1
60,-1
60,-1
60,-1
60,-1
60,-1
60,-1
60,-1
60,-1
60,-1
60,-1
60,-1
60,3
60,-1
60,-1
60,3
60,3
60,-1
60,-1
60,-1
60,-1
60,-1
60,-1
60,-1
60,1
60,3
60,1
60,3
60,-1
60,-1
60,1
60,-1
60,1
61,4
61,4
61,4
61,4
61,4
61,-1
61,-1
61,-1
61,-1
61,-1
61,-1
61,-1
61,-1
61,-1
61,-1
61,-1
61,-1
61,-1
61,-1
61,-1
61,-1
61,-1
61,-1
61,-1
61,-1
61,1
61,-1
61,-1
61,-1
61,-1
61,-1
61,1
61,1
61,-1
61,1
61,1
62,-1
62,-1
62,-1
62,-1
62,-1
62,-1
62,-1
62,-1
62,-1
62,-1
62,-1
62,-1
62,1
62,-1
62,-1
62,-1
62,3
62,-1
62,-1
62,-1
62,-1
62,-1
62,-1
62,-1
62,1
62,-1
62,-1
62,3
62,1
62,-1
62,1
62,1
63,-1
63,-1
63,-1
63,-1
63,-1
63,-1
63,-1
63,-1
63,-1
63,-1
63,-1
63,-1
63,-1
63,-1
63,-1
63,3
63,-1
63,3
63,-1
63,-1
63,-1
63,1
63,-1
63,3
63,-1
63,3
63,-1
63,1
63,1
63,1
64,4
64,-1
64,4
64,4
64,-1
64,-1
64,-1
64,-1
64,-1
64,-1
64,-1
64,-1
64,-1
64,3
64,-1
64,-1
64,-1
64,-1
64,-1
64,-1
64,-1
64,1
64,-1
64,-1
64,3
64,-1
64,-1
65,-1
65,-1
65,-1
65,-1
65,-1
65,-1
65,-1
65,-1
65,-1
65,-1
65,-1
65,-1
65,-1
65,-1
65,-1
65,-1
65,-1
65,-1
65,-1
65,3
65,3
65,-1
65,-1
65,-1
65,-1
65,-1
65,-1
65,-1
65,-1
65,1
65,1
65,3
65,-1
65,1
65,1
65,-1
65,-1
66,-1
66,-1
66,-1
66,5
66,-1
66,-1
66,-1
66,5
66,-1
66,5
66,-1
66,-1
66,-1
66,-1
66,1
66,3
66,-1
66,-1
66,-1
66,5
66,-1
66,-1
66,1
66,1
66,-1
66,1
66,1
66,-1
66,-1
66,1
66,1
66,1
67,-1
67,-1
67,-1
67,-1
67,-1
67,5
67,-1
67,5
67,5
67,-1
67,5
67,-1
67,5
67,5
67,-1
67,-1
67,-1
67,3
67,3
67,-1
67,-1
67,-1
67,-1
67,-1
67,1
67,3
67,3
67,1
67,-1
67,1
68,-1
68,-1
68,-1
68,-1
68,-1
68,-1
68,-1
68,-1
68,-1
68,-1
68,1
68,-1
68,1
68,-1
68,-1
68,-1
68,-1
68,3
68,1
68,-1
68,-1
68,-1
68,3
68,1
68,-1
68,1
68,1
69,-1
69,-1
69,-1
69,-1
69,-1
69,-1
69,-1
69,1
69,3
69,-1
69,-1
69,-1
69,-1
69,3
69,-1
69,-1
69,-1
69,1
69,-1
69,3
69,3
69,1
69,1
69,1
70,-1
70,-1
70,-1
70,-1
70,-1
70,-1
70,-1
70,-1
70,-1
70,-1
70,-1
70,-1
70,-1
70,-1
70,-1
70,-1
70,-1
70,-1
70,-1
70,3
70,1
70,-1
70,-1
70,-1
70,-1
70,-1
70,-1
70,-1
70,-1
70,-1
70,3
70,-1
70,-1
70,1
70,1
71,-1
71,-1
71,-1
71,-1
71,-1
71,-1
71,-1
71,-1
71,-1
71,-1
71,-1
71,-1
71,-1
71,-1
71,-1
71,-1
71,-1
71,3
71,3
71,-1
71,-1
71,-1
71,-1
71,-1
71,-1
71,3
71,1
71,-1
71,3
71,-1
71,-1
71,1
71,-1
72,-1
72,-1
72,-1
72,-1
72,5
72,-1
72,5
72,5
72,5
72,5
72,-1
72,-1
72,-1
72,-1
72,3
72,-1
72,-1
72,-1
72,-1
72,-1
72,-1
72,-1
72,1
72,-1
72,-1
72,3
72,-1
72,-1
73,-1
73,-1
73,-1
73,-1
73,-1
73,-1
73,-1
73,-1
73,-1
73,-1
73,-1
73,5
73,5
73,-1
73,-1
73,-1
73,-1
73,-1
73,-1
73,-1
73,-1
73,-1
73,-1
73,-1
73,-1
73,1
73,-1
73,-1
73,1
73,1
73,1
73,1
73,1
73,-1
74,-1
74,-1
74,-1
74,-1
74,-1
74,-1
74,-1
74,-1
74,-1
74,-1
74,-1
74,3
74,3
74,3
74,-1
74,3
74,-1
74,-1
74,-1
74,-1
74,-1
74,-1
74,3
74,1
74,1
74,-1
74,-1
74,1
75,-1
75,-1
75,-1
75,-1
75,-1
75,-1
75,-1
75,-1
75,5
75,5
75,-1
75,-1
75,3
75,3
75,-1
75,-1
75,-1
75,-1
75,-1
75,-1
75,5
75,-1
75,1
75,-1
75,3
75,-1
75,-1
75,3
75,1
76,4
76,4
76,4
76,4
76,4
76,-1
76,4
76,-1
76,-1
76,5
76,-1
76,5
76,-1
76,5
76,-1
76,-1
76,-1
76,-1
76,-1
76,5
76,-1
76,-1
76,-1
76,5
76,-1
76,1
76,-1
76,-1
76,-1
76,-1
76,-1
76,-1
76,1
76,-1
77,4
77,4
77,4
77,4
77,4
77,4
77,4
77,4
77,4
77,-1
77,-1
77,-1
77,-1
77,-1
77,5
77,5
77,-1
77,3
77,-1
77,3
77,-1
77,-1
77,-1
77,-1
77,5
77,1
77,3
77,-1
77,3
77,-1
77,3
77,-1
77,1
77,1
77,1
78,4
78,4
78,4
78,4
78,4
78,4
78,4
78,4
78,-1
78,4
78,4
78,-1
78,5
78,-1
78,5
78,-1
78,-1
78,3
78,3
78,-1
78,-1
78,-1
78,-1
78,-1
78,5
78,5
78,1
78,5
78,3
78,-1
78,1
78,1
78,1
79,4
79,4
79,4
79,4
79,4
79,4
79,4
79,4
79,4
79,4
79,4
79,5
79,4
79,-1
79,5
79,-1
79,-1
79,-1
79,-1
79,-1
79,-1
79,-1
79,3
79,5
79,-1
79,3
79,-1
79,-1
79,3
79,-1
79,-1
79,-1
79,1
79,-1
79,-1
79,-1
79,-1
79,1
79,3
79,3
79,-1
79,1
79,1
80,4
80,4
80,4
80,4
80,4
80,4
80,4
80,4
80,-1
80,-1
80,-1
80,-1
80,-1
80,5
80,5
80,5
80,-1
80,-1
80,-1
80,-1
80,-1
80,-1
80,-1
80,1
80,3
80,1
80,1
80,1
81,4
81,4
81,4
81,6
81,-1
81,6
81,-1
81,-1
81,-1
81,6
81,-1
81,6
81,-1
81,-1
81,5
81,5
81,5
81,5
81,1
81,-1
81,5
81,-1
81,-1
81,-1
81,-1
81,-1
81,1
81,1
81,-1
81,-1
81,1
81,1
81,1
81,1
81,1
81,1
81,-1
82,-1
82,-1
82,6
82,5
82,-1
82,-1
82,6
82,6
82,-1
82,5
82,3
82,3
82,3
82,-1
82,-1
82,5
82,-1
82,-1
82,-1
82,-1
82,1
82,1
82,-1
82,1
82,-1
82,1
83,6
83,-1
83,6
83,6
83,6
83,-1
83,-1
83,6
83,5
83,6
83,1
83,-1
83,1
83,-1
83,-1
83,1
83,-1
83,-1
83,-1
83,-1
83,-1
83,-1
83,1
83,1
83,1
83,1
83,1
83,1
84,-1
84,6
84,6
84,6
84,6
84,6
84,6
84,-1
84,5
84,5
84,-1
84,-1
84,-1
84,5
84,-1
84,3
84,-1
84,3
84,-1
84,-1
84,-1
84,1
84,-1
84,1
84,3
84,1
84,-1
84,1
85,-1
85,-1
85,-1
85,-1
85,-1
85,-1
85,-1
85,-1
85,-1
85,-1
85,-1
85,-1
85,-1
85,-1
85,-1
85,-1
85,-1
85,-1
85,3
85,3
85,3
85,-1
85,-1
85,1
85,-1
85,-1
85,-1
85,-1
85,-1
85,-1
85,-1
85,-1
85,-1
85,-1
85,3
85,3
85,-1
85,-1
85,1
86,6
86,-1
86,6
86,-1
86,-1
86,-1
86,6
86,-1
86,-1
86,-1
86,-1
86,-1
86,-1
86,3
86,-1
86,-1
86,3
86,-1
86,-1
86,-1
86,-1
86,-1
86,-1
86,-1
86,-1
86,1
86,-1
86,1
86,-1
86,-1
86,-1
86,3
86,1
86,-1
86,-1
87,-1
87,6
87,6
87,6
87,-1
87,-1
87,-1
87,-1
87,-1
87,3
87,3
87,-1
87,3
87,-1
87,-1
87,3
87,-1
87,-1
87,1
87,-1
87,3
87,-1
87,1
87,-1
87,-1
87,-1
87,3
87,-1
87,1
87,3
87,-1
88,6
88,6
88,6
88,-1
88,6
88,-1
88,-1
88,-1
88,-1
88,-1
88,-1
88,-1
88,-1
88,-1
88,-1
88,-1
88,1
88,-1
88,1
88,1
88,-1
88,-1
88,-1
88,-1
88,1
88,1
88,-1
88,1
88,1
88,1
88,-1
88,-1
88,1
88,-1
89,-1
89,6
89,6
89,-1
89,6
89,-1
89,-1
89,-1
89,-1
89,-1
89,6
89,-1
89,-1
89,-1
89,3
89,-1
89,-1
89,-1
89,-1
89,-1
89,-1
89,-1
89,1
89,-1
89,1
89,1
89,3
89,1
89,-1
89,1
89,1
89,1
90,6
90,-1
90,6
90,6
90,6
90,-1
90,6
90,-1
90,-1
90,-1
90,-1
90,-1
90,-1
90,-1
90,3
90,-1
90,3
90,-1
90,-1
90,-1
90,-1
90,-1
90,1
90,1
90,-1
90,-1
90,-1
90,-1
90,-1
90,1
90,3
90,-1
90,1
90,-1
90,-1
91,-1
91,6
91,6
91,6
91,6
91,-1
91,6
91,-1
91,-1
91,-1
91,-1
91,-1
91,-1
91,-1
91,-1
91,-1
91,-1
91,-1
91,-1
91,-1
91,-1
91,-1
91,-1
91,1
91,-1
91,1
91,1
91,-1
91,-1
91,-1
91,1
91,-1
91,1
91,1
91,1
92,6
92,6
92,6
92,-1
92,-1
92,-1
92,-1
92,6
92,-1
92,-1
92,-1
92,-1
92,-1
92,-1
92,-1
92,3
92,-1
92,1
92,-1
92,1
92,-1
92,1
92,1
92,-1
92,-1
92,1
92,-1
92,1
93,6
93,6
93,6
93,6
93,-1
93,-1
93,-1
93,-1
93,-1
93,3
93,-1
93,3
93,-1
93,1
93,3
93,-1
93,-1
93,-1
93,-1
93,-1
93,-1
93,-1
93,-1
93,1
93,-1
93,-1
93,-1
93,1
93,-1
93,-1
93,-1
94,6
94,6
94,6
94,6
94,6
94,-1
94,-1
94,6
94,-1
94,-1
94,-1
94,-1
94,-1
94,-1
94,-1
94,-1
94,-1
94,-1
94,-1
94,-1
94,-1
94,-1
94,-1
94,-1
94,1
94,1
94,1
94,1
94,1
95,6
95,6
95,6
95,6
95,6
95,6
95,-1
95,-1
95,6
95,-1
95,-1
95,-1
95,-1
95,1
95,-1
95,3
95,-1
95,-1
95,-1
95,-1
95,-1
95,-1
95,-1
95,-1
95,-1
95,-1
95,1
95,1
96,-1
96,2
96,-1
96,2
96,-1
96,-1
96,-1
96,2
96,-1
96,2
96,-1
96,-1
96,2
96,2
96,-1
96,2
96,-1
96,-1
96,-1
96,-1
96,-1
96,2
96,-1
96,-1
96,-1
96,2
96,-1
96,1
96,1
96,2
97,6
97,6
97,6
97,-1
97,6
97,-1
97,-1
97,-1
97,-1
97,-1
97,-1
97,-1
97,-1
97,1
97,-1
97,-1
97,1
97,-1
97,-1
97,-1
97,-1
97,-1
97,-1
97,-1
97,-1
97,-1
97,1
98,-1
98,6
98,6
98,6
98,6
98,-1
98,6
98,-1
98,7
98,-1
98,7
98,7
98,-1
98,-1
98,-1
98,-1
98,7
98,-1
98,-1
98,1
98,-1
98,-1
98,-1
98,-1
98,-1
98,-1
98,-1
98,1
98,-1
98,-1
98,1
99,6
99,6
99,6
99,6
99,-1
99,-1
99,-1
99,-1
99,-1
99,-1
99,-1
99,-1
99,-1
99,-1
99,-1
99,-1
99,-1
99,-1
99,-1
99,-1
99,-1
99,1
99,1
99,1
99,-1
99,-1
99,1
99,-1
99,-1
99,-1
99,-1
99,1
99,1
100,-1
100,6
100,6
100,6
100,6
100,6
100,-1
100,-1
100,-1
100,-1
100,-1
100,-1
100,-1
100,-1
100,-1
100,-1
100,1
100,-1
100,-1
100,-1
100,-1
100,1
100,1
100,-1
100,-1
100,-1
100,1
100,1
100,1
101,6
101,6
101,6
101,6
101,-1
101,-1
101,-1
101,-1
101,6
101,-1
101,7
101,-1
101,7
101,-1
101,-1
101,-1
101,-1
101,-1
101,-1
101,-1
101,-1
101,-1
101,-1
101,1
101,-1
101,-1
101,1
101,1
101,1
101,-1
102,6
102,6
102,6
102,6
102,6
102,-1
102,7
102,-1
102,-1
102,6
102,-1
102,7
102,-1
102,-1
102,-1
102,-1
102,-1
102,-1
102,-1
102,-1
102,-1
102,-1
102,-1
102,-1
102,-1
102,-1
102,-1
102,-1
102,1
102,1
102,1
102,1
102,1
102,1
102,1
102,-1
102,1
102,1
102,1
102,1
103,6
103,-1
103,-1
103,-1
103,-1
103,-1
103,-1
103,-1
103,7
103,-1
103,-1
103,-1
103,-1
103,7
103,-1
103,-1
103,-1
103,7
103,-1
103,-1
103,-1
103,-1
103,-1
103,-1
103,-1
103,-1
103,-1
103,-1
103,-1
103,1
103,1
103,-1
103,-1
103,1
103,1
103,1
103,1
104,-1
104,6
104,7
104,6
104,7
104,-1
104,-1
104,-1
104,-1
104,-1
104,-1
104,-1
104,-1
104,-1
104,-1
104,-1
104,-1
104,8
104,-1
104,-1
104,-1
104,1
104,8
104,-1
104,-1
104,8
104,8
104,-1
104,1
104,1
105,6
105,6
105,-1
105,7
105,7
105,7
105,-1
105,-1
105,-1
105,7
105,-1
105,-1
105,-1
105,-1
105,-1
105,-1
105,-1
105,-1
105,-1
105,-1
105,-1
105,8
105,8
105,1
105,-1
105,-1
105,-1
105,-1
105,8
105,-1
105,1
105,1
106,7
106,6
106,-1
106,6
106,-1
106,-1
106,-1
106,-1
106,7
106,-1
106,-1
106,-1
106,-1
106,-1
106,-1
106,-1
106,-1
106,1
106,-1
106,-1
106,-1
106,1
106,-1
106,1
107,-1
107,-1
107,-1
107,-1
107,2
107,2
107,-1
107,2
107,-1
107,2
107,-1
107,2
107,-1
107,-1
107,-1
107,-1
107,-1
107,2
107,-1
107,-1
107,2
107,-1
107,2
107,1
107,-1
107,-1
107,2
107,1
108,6
108,6
108,-1
108,-1
108,-1
108,-1
108,6
108,-1
108,-1
108,-1
108,-1
108,-1
108,-1
108,1
108,-1
108,-1
108,-1
108,-1
108,1
108,8
108,8
108,1
109,6
109,6
109,6
109,6
109,-1
109,6
109,-1
109,6
109,-1
109,1
109,-1
109,-1
109,1
109,8
109,-1
109,-1
109,1
110,6
110,6
110,6
110,7
110,7
110,-1
110,-1
110,6
110,7
110,7
110,7
110,-1
110,-1
110,-1
110,-1
110,-1
110,-1
110,1
110,-1
110,1
110,1
111,6
111,-1
111,-1
111,-1
111,-1
111,-1
111,-1
111,-1
111,-1
111,-1
111,-1
111,-1
111,-1
111,-1
111,-1
111,-1
111,-1
111,1
111,-1
111,-1
111,1
111,1
111,1
111,1
111,1
112,-1
112,-1
112,-1
112,-1
112,-1
112,-1
112,-1
112,6
112,-1
112,-1
112,7
112,-1
112,7
112,-1
112,-1
112,-1
112,1
112,-1
112,-1
112,-1
112,-1
112,-1
113,-1
113,-1
113,-1
113,-1
113,-1
113,-1
113,-1
113,-1
113,7
113,-1
113,-1
113,-1
113,-1
113,1
113,-1
113,-1
113,3
113,1
113,1
113,1
114,-1
114,-1
114,-1
114,-1
114,-1
114,-1
114,-1
114,7
114,-1
114,-1
114,-1
114,-1
114,-1
114,-1
114,-1
114,-1
114,-1
114,1
114,-1
114,-1
114,-1
114,-1
114,1
115,-1
115,6
115,-1
115,-1
115,-1
115,-1
115,-1
115,6
115,-1
115,6
115,1
115,-1
115,1
115,1
115,-1
115,-1
115,1
115,-1
115,1
116,6
116,6
116,-1
116,6
116,6
116,-1
116,-1
116,-1
116,-1
116,6
116,-1
116,1
116,1
116,1
116,-1
116,1
116,1
116,1
116,1
116,1
116,1
117,-1
117,6
117,6
117,6
117,6
117,6
117,6
117,6
117,-1
117,-1
117,1
117,1
117,1
117,1
117,1
117,1
117,1
117,-1
117,1
117,1
118,-1
118,-1
118,-1
118,-1
118,2
118,-1
118,2
118,-1
118,-1
118,2
118,2
118,2
118,2
118,-1
118,3
118,-1
118,2
118,-1
118,-1
118,2
118,-1
118,2
118,3
118,1
118,1
118,2
119,6
119,-1
119,-1
119,-1
119,-1
119,-1
119,-1
119,-1
119,-1
119,-1
119,-1
119,-1
119,1
119,-1
119,-1
119,-1
119,1
119,-1
120,6
120,6
120,6
120,6
120,-1
120,-1
120,-1
120,-1
120,-1
120,-1
120,8
120,-1
120,8
120,8
120,-1
120,-1
120,8
120,8
121,-1
121,-1
121,-1
121,-1
121,6
121,6
121,6
121,6
121,-1
121,-1
121,-1
121,-1
121,-1
121,1
121,-1
121,1
121,1
121,1
121,1
121,1
121,-1
121,1
122,-1
122,-1
122,6
122,6
122,6
122,-1
122,-1
122,-1
122,-1
122,-1
122,-1
122,-1
122,-1
122,-1
122,1
122,1
122,1
122,1
122,-1
122,1
122,1
122,1
122,-1
122,-1
123,-1
123,-1
123,-1
123,-1
123,-1
123,6
123,-1
123,-1
123,-1
123,-1
123,-1
123,-1
123,-1
123,-1
123,-1
123,-1
123,-1
123,-1
123,-1
123,-1
123,1
123,1
123,1
123,1
123,1
123,1
124,-1
124,-1
124,-1
124,6
124,-1
124,6
124,6
124,8
124,-1
124,-1
124,-1
124,8
124,8
124,8
124,8
124,8
124,8
124,8
124,8
124,-1
124,-1
124,-1
124,8
124,8
125,-1
125,-1
125,-1
125,-1
125,-1
125,8
125,8
125,8
125,8
125,8
125,-1
125,8
125,8
125,-1
125,-1
125,-1
126,-1
126,-1
126,6
126,-1
126,-1
126,8
126,8
126,8
126,8
126,8
126,8
126,-1
126,8
126,8
126,-1
126,-1
126,-1
126,-1
126,-1
127,-1
127,-1
127,-1
127,-1
127,-1
127,-1
127,8
127,-1
127,-1
127,8
127,-1
127,1
127,-1
127,-1
127,1
127,-1
127,-1
127,1
127,-1
127,1
128,4
128,6
128,6
128,6
128,6
128,8
128,8
128,8
128,1
128,-1
128,1
128,1
128,1
128,-1
129,-1
129,-1
129,-1
129,-1
129,-1
129,-1
129,-1
129,2
129,-1
129,2
129,-1
129,2
129,-1
129,2
129,-1
129,2
129,2
129,2
129,2
129,-1
129,-1
129,2
130,4
130,6
130,6
130,6
130,-1
130,-1
130,-1
130,-1
130,-1
130,-1
130,-1
130,-1
130,-1
130,8
130,-1
130,-1
130,-1
130,-1
130,-1
130,-1
130,-1
130,-1
130,-1
130,-1
130,-1
131,4
131,4
131,4
131,4
131,4
131,4
131,4
131,4
131,4
131,4
131,4
131,6
131,6
131,4
131,-1
131,-1
131,-1
131,-1
131,-1
131,8
131,-1
131,-1
131,8
131,-1
131,-1
131,8
131,-1
131,-1
131,8
131,-1
131,-1
131,-1
131,-1
131,-1
131,-1
131,-1
132,4
132,4
132,4
132,4
132,4
132,4
132,4
132,4
132,-1
132,-1
132,-1
132,-1
132,-1
132,-1
132,-1
132,-1
132,8
132,-1
132,-1
132,-1
132,-1
132,-1
132,-1
132,-1
132,-1
132,-1
132,-1
132,-1
132,-1
133,4
133,4
133,4
133,4
133,4
133,4
133,4
133,4
133,4
133,-1
133,-1
133,4
133,-1
133,-1
133,-1
133,-1
133,-1
133,-1
133,-1
133,8
133,8
133,-1
133,-1
133,-1
133,-1
133,-1
133,-1
133,-1
133,-1
133,-1
133,-1
134,4
134,4
134,4
134,4
134,4
134,4
134,4
134,4
134,4
134,4
134,-1
134,-1
134,4
134,-1
134,-1
134,-1
134,-1
134,-1
134,-1
134,-1
134,8
134,8
134,8
134,8
134,-1
134,-1
134,-1
134,8
134,-1
134,-1
135,-1
135,4
135,4
135,4
135,4
135,4
135,4
135,4
135,4
135,-1
135,4
135,-1
135,-1
135,-1
135,-1
135,8
135,8
135,8
135,8
135,-1
135,3
135,-1
135,-1
135,-1
135,-1
135,-1
135,-1
135,-1
136,4
136,4
136,4
136,4
136,4
136,-1
136,4
136,4
136,4
136,4
136,4
136,6
136,4
136,6
136,-1
136,-1
136,-1
136,-1
136,-1
136,-1
136,3
136,-1
136,-1
136,-1
136,-1
136,-1
136,-1
136,3
136,1
136,-1
136,1
136,-1
136,1
137,4
137,4
137,4
137,4
137,4
137,4
137,4
137,4
137,6
137,-1
137,4
137,-1
137,-1
137,-1
137,3
137,-1
137,-1
137,-1
137,3
137,1
137,-1
137,-1
137,-1
137,1
137,1
137,1
137,1
138,4
138,4
138,4
138,4
138,4
138,4
138,4
138,4
138,6
138,4
138,-1
138,-1
138,-1
138,-1
138,-1
138,-1
138,-1
138,-1
138,-1
138,-1
138,1
138,-1
138,-1
138,-1
138,-1
138,-1
138,-1
138,1
138,1
138,-1
138,1
138,1
139,4
139,4
139,-1
139,4
139,4
139,4
139,4
139,4
139,4
139,6
139,6
139,6
139,-1
139,-1
139,-1
139,-1
139,1
139,-1
139,-1
139,1
139,-1
139,-1
139,1
139,-1
139,-1
139,1
139,1
139,1
139,1
139,1
140,-1
140,2
140,-1
140,-1
140,-1
140,-1
140,-1
140,2
140,2
140,2
140,-1
140,2
140,-1
140,-1
140,-1
140,-1
140,-1
140,-1
140,-1
140,2
140,-1
140,2
140,-1
141,4
141,4
141,4
141,-1
141,-1
141,4
141,4
141,6
141,-1
141,6
141,-1
141,-1
141,-1
141,8
141,-1
141,-1
141,-1
141,8
141,1
141,1
141,-1
141,1
141,1
141,1
142,4
142,4
142,4
142,4
142,4
142,4
142,4
142,4
142,4
142,4
142,4
142,-1
142,-1
142,-1
142,-1
142,-1
142,-1
142,-1
142,1
142,1
142,-1
142,-1
142,-1
143,4
143,4
143,4
143,4
143,4
143,4
143,4
143,4
143,4
143,4
143,4
143,4
143,4
143,5
143,-1
143,5
143,-1
143,-1
143,-1
143,-1
143,5
143,-1
143,-1
143,-1
143,-1
143,-1
143,1
143,-1
143,3
143,-1
143,-1
143,1
144,4
144,4
144,4
144,4
144,4
144,4
144,-1
144,4
144,6
144,-1
144,-1
144,-1
144,-1
144,-1
144,-1
144,-1
144,-1
144,-1
144,-1
144,1
144,-1
144,1
144,1
144,1
144,1
144,1
144,1
144,1
144,1
145,4
145,4
145,4
145,4
145,4
145,4
145,6
145,6
145,6
145,-1
145,6
145,-1
145,-1
145,-1
145,-1
145,-1
145,-1
145,-1
145,-1
145,-1
145,-1
145,1
145,1
145,-1
145,-1
145,-1
145,1
145,-1
146,4
146,4
146,4
146,4
146,4
146,4
146,6
146,6
146,6
146,6
146,-1
146,6
146,-1
146,-1
146,-1
146,-1
146,-1
146,-1
146,-1
146,-1
146,-1
146,-1
146,-1
146,8
146,-1
146,-1
146,1
146,-1
146,-1
146,-1
146,1
146,1
146,1
146,1
146,-1
147,4
147,4
147,4
147,6
147,4
147,6
147,6
147,6
147,-1
147,-1
147,-1
147,-1
147,-1
147,-1
147,-1
147,-1
147,-1
147,-1
147,1
147,-1
147,-1
147,-1
147,1
147,1
147,-1
147,-1
147,1
147,-1
147,1
147,-1
147,1
148,4
148,4
148,4
148,6
148,4
148,4
148,4
148,4
148,6
148,6
148,6
148,-1
148,-1
148,6
148,-1
148,-1
148,-1
148,3
148,-1
148,-1
148,-1
148,-1
148,-1
148,-1
148,3
148,1
148,1
148,1
148,1
148,1
148,1
148,1
148,1
148,3
148,1
148,1
148,-1
148,1
149,6
149,6
149,6
149,-1
149,-1
149,-1
149,-1
149,-1
149,-1
149,-1
149,-1
149,-1
149,-1
149,-1
149,-1
149,1
149,1
149,1
149,1
149,1
149,1
149,1
149,1
149,1
149,1
149,1
149,1
149,1
149,1
149,1
150,-1
150,-1
150,-1
150,-1
150,-1
150,-1
150,-1
150,3
150,3
150,-1
150,-1
150,-1
150,-1
150,-1
150,-1
150,-1
150,3
150,1
150,-1
150,-1
150,-1
150,-1
150,-1
150,-1
150,-1
150,1
150,-1
150,-1
150,1
151,-1
151,9
151,4
151,-1
151,9
151,-1
151,-1
151,-1
151,-1
151,-1
151,-1
151,-1
151,-1
151,-1
151,-1
151,-1
152,-1
152,4
152,4
152,4
152,4
152,9
152,4
152,9
152,-1
152,-1
152,10
152,-1
152,-1
152,-1
152,-1
152,-1
152,-1
152,-1
152,-1
152,-1
152,-1
152,-1
152,-1
152,-1
152,-1
152,-1
152,-1
153,9
153,9
153,-1
153,-1
153,-1
153,-1
153,-1
153,-1
153,-1
153,-1
153,-1
153,-1
153,-1
153,-1
153,-1
153,-1
153,-1
153,-1
153,-1
153,-1
153,-1
153,-1
153,-1
154,-1
154,-1
154,9
154,-1
154,-1
154,-1
154,-1
154,-1
154,-1
154,-1
154,-1
154,-1
154,-1
154,-1
154,-1
154,-1
154,-1
154,-1
155,-1
155,-1
155,9
155,9
155,-1
155,-1
155,9
155,-1
155,-1
155,-1
155,-1
155,-1
155,-1
155,-1
155,-1
155,-1
155,-1
155,-1
155,-1
155,-1
156,9
156,9
156,1
156,-1
156,-1
156,-1
156,-1
156,-1
156,-1
156,-1
156,1
156,1
156,1
157,-1
157,9
157,9
157,-1
157,-1
157,10
157,-1
157,-1
157,-1
157,-1
157,-1
157,-1
157,10
157,-1
157,-1
157,-1
157,-1
157,-1
157,-1
157,-1
157,-1
157,-1
157,-1
158,-1
158,9
158,9
158,-1
158,-1
158,-1
158,-1
158,-1
158,-1
158,1
158,-1
158,-1
158,-1
158,-1
158,-1
158,-1
158,1
158,1
158,-1
158,1
158,1
158,1
158,1
159,9
159,9
159,-1
159,-1
159,-1
159,-1
159,-1
159,-1
159,-1
159,-1
159,-1
159,-1
159,-1
159,-1
159,-1
159,-1
159,-1
159,-1
159,-1
159,-1
159,-1
160,9
160,9
160,-1
160,-1
160,-1
160,10
160,-1
160,-1
160,-1
160,-1
160,-1
160,-1
160,-1
160,-1
160,-1
161,9
161,-1
161,9
161,-1
161,-1
161,-1
161,9
161,10
161,-1
161,-1
161,-1
161,-1
161,-1
161,-1
161,-1
161,-1
161,10
161,-1
161,-1
161,-1
161,-1
162,9
162,-1
162,9
162,-1
162,-1
162,-1
162,-1
162,-1
162,-1
162,-1
162,-1
162,-1
162,-1
162,-1
162,-1
163,4
163,4
163,-1
163,-1
163,-1
163,-1
163,9
163,-1
163,10
163,-1
163,-1
163,-1
163,-1
163,-1
163,-1
163,-1
163,-1
163,-1
163,-1
163,10
163,-1
163,-1
163,-1
164,9
164,11
164,11
164,-1
164,-1
164,9
164,-1
164,-1
164,-1
164,-1
164,-1
164,-1
164,-1
164,-1
164,-1
164,-1
164,-1
164,-1
165,9
165,11
165,9
165,-1
165,-1
165,-1
165,-1
165,-1
165,-1
165,-1
165,-1
165,-1
165,-1
165,-1
165,-1
165,-1
165,-1
165,-1
166,11
166,11
166,9
166,-1
166,-1
166,-1
166,-1
166,-1
166,-1
166,-1
166,-1
166,-1
166,-1
166,-1
166,-1
166,-1
166,-1
166,-1
166,-1
166,-1
166,-1
167,11
167,11
167,11
167,9
167,9
167,-1
167,-1
167,-1
167,-1
167,-1
167,-1
167,-1
167,-1
167,-1
167,-1
167,-1
167,-1
168,9
168,9
168,-1
168,-1
168,-1
168,-1
168,-1
168,-1
168,-1
168,-1
168,-1
168,-1
168,-1
168,-1
168,-1
168,-1
168,-1
168,10
168,-1
168,-1
168,-1
169,9
169,-1
169,-1
169,-1
169,-1
169,-1
169,9
169,-1
169,-1
169,-1
169,-1
169,-1
169,-1
169,-1
169,-1
169,-1
169,-1
170,9
170,-1
170,-1
170,9
170,-1
170,-1
170,-1
170,-1
170,-1
170,-1
170,-1
170,-1
170,-1
170,-1
170,-1
170,-1
170,-1
170,-1
170,-1
170,-1
170,-1
170,-1
171,-1
171,-1
171,9
171,-1
171,-1
171,-1
171,-1
171,-1
171,-1
171,-1
171,-1
171,-1
171,-1
171,-1
171,-1
171,-1
171,-1
171,-1
171,-1
171,-1
171,-1
171,-1
171,-1
171,-1
172,-1
172,9
172,-1
172,-1
172,9
172,-1
172,-1
172,-1
172,-1
172,-1
172,-1
172,-1
172,-1
172,-1
172,-1
172,-1
172,-1
172,-1
172,-1
172,-1
173,9
173,-1
173,9
173,-1
173,9
173,-1
173,-1
173,-1
173,-1
173,-1
173,-1
173,-1
173,-1
173,-1
174,4
174,4
174,4
174,4
174,9
174,-1
174,10
174,-1
174,-1
174,-1
174,-1
174,-1
174,-1
174,-1
174,10
174,-1
174,-1
174,-1
174,-1
175,9
175,9
175,10
175,-1
175,-1
175,-1
175,-1
175,-1
175,-1
175,-1
175,-1
175,-1
175,-1
176,-1
176,9
176,9
176,-1
176,-1
176,-1
176,-1
176,-1
176,-1
176,-1
176,-1
176,-1
176,-1
176,-1
177,-1
177,-1
177,-1
177,-1
177,9
177,10
177,10
177,-1
177,-1
177,-1
177,-1
177,-1
177,-1
177,-1
177,-1
177,-1
177,-1
177,-1
178,9
178,9
178,10
178,10
178,-1
178,-1
178,-1
178,10
178,-1
178,10
178,-1
178,-1
179,9
179,9
179,-1
179,10
179,-1
179,-1
179,10
179,-1
179,-1
179,-1
179,-1
179,-1
179,-1
180,9
180,-1
180,-1
180,9
180,10
180,10
180,-1
180,-1
180,-1
180,-1
180,-1
180,-1
180,-1
180,-1
180,-1
181,9
181,9
181,10
181,-1
181,9
181,-1
181,-1
181,10
181,-1
181,-1
181,-1
181,-1
181,-1
182,9
182,-1
182,10
182,-1
182,-1
182,-1
182,-1
182,-1
182,-1
182,-1
183,9
183,9
183,10
183,-1
183,-1
183,-1
183,-1
183,-1
183,-1
183,-1
183,-1
183,-1
183,-1
183,-1
183,-1
183,-1
183,-1
184,-1
184,9
184,10
184,10
184,-1
184,-1
184,-1
184,-1
184,-1
184,-1
184,-1
184,-1
184,-1
184,-1
185,-1
185,-1
185,4
185,4
185,-1
185,9
185,-1
185,-1
185,10
185,10
185,-1
185,-1
185,-1
185,-1
185,10
185,10
186,-1
186,9
186,9
186,10
186,10
186,-1
186,-1
186,-1
186,-1
186,-1
186,-1
186,-1
186,-1
186,-1
186,-1
187,9
187,9
187,-1
187,10
187,-1
187,-1
187,-1
187,-1
187,-1
187,-1
187,10
187,-1
187,-1
187,-1
187,-1
187,-1
187,-1
187,-1
187,-1
187,-1
187,-1
188,9
188,9
188,-1
188,-1
188,-1
188,-1
188,-1
188,-1
188,-1
188,-1
188,-1
188,-1
188,-1
188,-1
188,-1
188,-1
189,-1
189,9
189,9
189,10
189,-1
189,10
189,10
189,-1
189,-1
189,10
189,-1
189,-1
189,-1
189,-1
189,10
189,-1
189,-1
189,-1
189,-1
189,-1
189,-1
190,-1
190,9
190,9
190,10
190,-1
190,-1
190,-1
190,-1
190,-1
190,-1
190,-1
190,-1
190,-1
190,-1
190,-1
190,-1
190,-1
190,-1
191,9
191,9
191,10
191,-1
191,-1
191,10
191,-1
191,10
191,10
191,-1
191,-1
191,10
191,10
191,-1
191,-1
191,-1
192,9
192,9
192,-1
192,9
192,10
192,-1
192,-1
192,3
192,3
192,3
192,-1
192,3
192,3
192,3
192,3
192,-1
193,9
193,-1
193,-1
193,9
193,10
193,-1
193,-1
193,-1
193,-1
193,-1
193,10
193,-1
193,-1
193,-1
193,-1
193,-1
193,-1
193,-1
193,-1
193,-1
193,-1
194,9
194,-1
194,9
194,10
194,-1
194,-1
194,-1
194,-1
194,-1
194,-1
194,-1
194,-1
194,10
194,-1
194,-1
194,-1
194,-1
194,-1
194,-1
194,-1
194,-1
195,-1
195,-1
195,-1
195,-1
195,9
195,-1
195,10
195,10
195,-1
195,-1
195,-1
195,-1
195,-1
195,10
195,-1
195,10
195,-1
195,-1
195,-1
195,-1
195,-1
195,-1
195,-1
195,-1
196,4
196,4
196,-1
196,9
196,9
196,4
196,10
196,9
196,-1
196,-1
196,10
196,-1
196,-1
196,-1
196,-1
196,-1
196,-1
196,-1
196,-1
197,-1
197,-1
197,9
197,9
197,10
197,-1
197,-1
197,-1
197,-1
197,-1
197,-1
197,-1
197,-1
197,-1
197,-1
197,-1
197,-1
197,-1
197,-1
197,-1
197,-1
197,-1
198,11
198,9
198,9
198,10
198,-1
198,-1
198,-1
198,-1
198,-1
198,-1
198,-1
198,-1
198,-1
198,-1
198,-1
198,-1
199,9
199,11
199,11
199,10
199,10
199,-1
199,-1
199,-1
199,-1
199,10
199,-1
199,10
199,10
199,-1
199,-1
199,-1
199,-1
199,-1
199,-1
199,-1
199,-1
200,11
200,11
200,11
200,9
200,9
200,11
200,10
200,11
200,-1
200,-1
200,-1
200,-1
200,-1
200,-1
200,10
200,-1
200,-1
200,-1
200,-1
200,-1
201,-1
201,11
201,11
201,-1
201,9
201,9
201,11
201,-1
201,10
201,-1
201,11
201,-1
201,-1
201,10
201,-1
201,-1
201,-1
201,-1
201,-1
201,-1
201,-1
201,-1
201,-1
201,-1
201,-1
201,-1
201,-1
201,-1
202,11
202,9
202,-1
202,9
202,10
202,11
202,-1
202,-1
202,-1
202,-1
202,-1
202,-1
202,-1
202,-1
202,-1
202,-1
202,-1
202,-1
202,-1
202,-1
202,-1
203,-1
203,11
203,11
203,9
203,9
203,11
203,-1
203,11
203,-1
203,-1
203,-1
203,-1
203,-1
203,-1
203,-1
203,-1
203,-1
203,-1
203,-1
203,-1
204,11
204,11
204,-1
204,11
204,-1
204,-1
204,-1
204,-1
204,-1
204,-1
204,-1
204,-1
204,-1
204,-1
204,-1
205,11
205,11
205,9
205,-1
205,-1
205,11
205,-1
205,11
205,-1
205,-1
205,10
205,-1
205,-1
205,-1
205,-1
205,-1
205,-1
205,-1
205,-1
206,11
206,11
206,9
206,9
206,11
206,10
206,-1
206,11
206,-1
206,-1
206,10
206,-1
206,-1
206,-1
206,-1
206,-1
206,-1
206,-1
206,-1
206,-1
206,-1
206,-1
207,-1
207,9
207,9
207,-1
207,10
207,10
207,-1
207,-1
207,-1
207,-1
207,-1
207,-1
207,-1
207,10
207,10
208,11
208,11
208,-1
208,-1
208,10
208,11
208,-1
208,-1
208,-1
208,-1
208,-1
208,10
208,-1
208,-1
208,-1
208,-1
208,-1
208,-1
208,-1
208,-1
208,-1
208,-1
209,11
209,11
209,11
209,-1
209,-1
209,-1
209,-1
209,-1
209,-1
209,-1
209,-1
209,-1
209,-1
209,-1
209,-1
209,-1
210,-1
210,9
210,9
210,10
210,-1
210,-1
210,10
210,-1
210,10
210,-1
210,-1
210,-1
210,-1
210,-1
210,-1
210,-1
210,-1
210,-1
210,-1
211,11
211,11
211,-1
211,9
211,-1
211,-1
211,-1
211,11
211,-1
211,-1
211,-1
211,-1
211,-1
211,-1
211,-1
211,-1
211,-1
211,-1
211,-1
211,-1
211,-1
211,-1
211,-1
211,-1
212,11
212,11
212,11
212,-1
212,10
212,-1
212,-1
212,-1
212,-1
212,-1
212,-1
212,-1
212,-1
212,-1
212,-1
212,-1
212,10
212,-1
212,-1
212,-1
212,-1
212,-1
212,-1
212,-1
213,11
213,11
213,9
213,9
213,-1
213,-1
213,-1
213,-1
213,-1
213,-1
213,-1
213,-1
213,-1
213,-1
213,-1
213,-1
213,-1
213,-1
213,-1
213,-1
213,-1
214,11
214,11
214,-1
214,10
214,10
214,-1
214,-1
214,-1
214,-1
214,-1
214,-1
214,-1
214,-1
214,-1
214,-1
214,-1
214,-1
215,11
215,9
215,9
215,10
215,11
215,-1
215,-1
215,-1
215,-1
215,-1
215,-1
215,-1
215,-1
215,-1
215,-1
215,-1
215,-1
215,-1
215,-1
215,-1
216,11
216,11
216,9
216,-1
216,-1
216,10
216,-1
216,-1
216,-1
216,-1
216,-1
216,-1
216,-1
216,-1
216,-1
216,-1
216,-1
216,-1
216,-1
216,-1
217,11
217,11
217,9
217,-1
217,-1
217,-1
217,-1
217,10
217,-1
217,-1
217,-1
217,-1
217,-1
217,-1
217,-1
217,-1
217,-1
217,-1
217,-1
217,-1
217,-1
217,-1
217,-1
218,4
218,4
218,4
218,4
218,9
218,10
218,-1
218,-1
218,-1
218,-1
218,-1
218,-1
218,10
218,-1
218,-1
218,-1
218,-1
218,-1
218,-1
219,11
219,-1
219,-1
219,-1
219,10
219,-1
219,-1
219,-1
219,-1
219,-1
219,-1
219,-1
219,-1
219,-1
219,-1
219,-1
219,-1
219,-1
219,-1
219,-1
219,-1
219,-1
220,11
220,9
220,-1
220,-1
220,-1
220,9
220,10
220,-1
220,-1
220,-1
220,-1
220,-1
220,-1
220,-1
220,10
220,-1
220,-1
220,-1
221,11
221,11
221,11
221,9
221,-1
221,-1
221,11
221,-1
221,10
221,10
221,-1
221,-1
221,-1
221,-1
221,-1
221,-1
221,10
221,-1
221,-1
221,-1
221,-1
221,-1
221,-1
221,-1
222,-1
222,11
222,-1
222,11
222,-1
222,-1
222,-1
222,9
222,-1
222,9
222,-1
222,-1
222,-1
222,-1
222,-1
222,-1
222,-1
222,-1
222,-1
222,-1
222,-1
222,-1
222,-1
222,-1
223,11
223,11
223,9
223,11
223,10
223,-1
223,-1
223,11
223,11
223,-1
223,-1
223,-1
223,-1
223,-1
223,-1
223,10
223,-1
223,-1
223,-1
223,-1
223,-1
223,-1
223,-1
223,-1
223,-1
224,-1
224,11
224,9
224,-1
224,9
224,-1
224,-1
224,-1
224,10
224,-1
224,-1
224,-1
224,-1
224,-1
224,-1
224,-1
224,-1
224,-1
224,-1
224,-1
224,-1
224,-1
224,-1
224,-1
224,-1
224,-1
225,-1
225,9
225,11
225,-1
225,-1
225,10
225,10
225,-1
225,11
225,-1
225,-1
225,-1
225,-1
225,-1
225,-1
225,-1
225,-1
225,10
225,-1
225,-1
225,-1
225,-1
225,-1
225,-1
225,-1
226,9
226,11
226,-1
226,-1
226,10
226,-1
226,-1
226,-1
226,-1
226,-1
226,-1
226,-1
226,-1
226,-1
226,-1
226,-1
226,-1
226,-1
226,-1
226,-1
226,-1
226,-1
226,-1
226,-1
227,-1
227,11
227,9
227,9
227,-1
227,10
227,-1
227,-1
227,-1
227,-1
227,-1
227,-1
227,-1
227,-1
227,-1
227,-1
227,-1
227,-1
227,-1
227,-1
227,-1
228,11
228,11
228,-1
228,-1
228,-1
228,-1
228,-1
228,-1
228,-1
228,-1
228,-1
228,-1
228,-1
228,-1
228,-1
229,9
229,-1
229,-1
229,-1
229,9
229,10
229,-1
229,-1
229,-1
229,10
229,-1
229,10
229,-1
229,10
229,-1
229,-1
229,1
229,1
230,11
230,11
230,10
230,11
230,-1
230,-1
230,10
230,-1
230,-1
230,-1
230,-1
230,-1
230,-1
230,-1
230,-1
230,-1
230,-1
230,-1
230,-1
230,-1
231,11
231,11
231,9
231,9
231,11
231,-1
231,10
231,-1
231,-1
231,10
231,-1
231,-1
231,-1
231,-1
231,-1
231,-1
231,-1
231,-1
231,-1
231,-1
231,-1
231,-1
231,-1
231,-1
231,-1
232,11
232,-1
232,9
232,-1
232,-1
232,10
232,-1
232,-1
232,-1
232,-1
232,-1
232,-1
232,-1
232,-1
232,-1
232,-1
232,-1
232,-1
232,-1
232,-1
232,-1
232,-1
232,-1
232,-1
232,-1
233,11
233,-1
233,9
233,9
233,-1
233,-1
233,-1
233,-1
233,-1
233,-1
233,-1
233,-1
233,-1
233,-1
233,-1
233,-1
233,-1
233,-1
233,-1
233,-1
234,11
234,11
234,11
234,-1
234,-1
234,-1
234,-1
234,-1
234,-1
234,-1
234,-1
234,-1
234,-1
235,11
235,9
235,10
235,10
235,-1
235,-1
235,-1
235,-1
235,-1
235,-1
235,-1
235,-1
235,-1
235,-1
235,-1
235,-1
236,11
236,11
236,9
236,11
236,-1
236,10
236,-1
236,-1
236,11
236,-1
236,-1
236,-1
236,11
236,-1
236,-1
236,-1
236,10
236,10
236,-1
236,-1
236,-1
236,-1
237,11
237,9
237,-1
237,-1
237,-1
237,-1
237,-1
237,-1
237,-1
237,-1
237,-1
237,-1
237,-1
237,-1
237,-1
237,-1
237,-1
238,11
238,11
238,-1
238,-1
238,-1
238,11
238,-1
238,-1
238,-1
238,-1
238,-1
238,-1
238,-1
238,-1
238,-1
238,-1
238,-1
238,-1
238,-1
238,-1
238,-1
238,-1
238,-1
238,-1
238,-1
238,-1
239,9
239,4
239,4
239,-1
239,-1
239,-1
239,-1
239,-1
239,-1
239,-1
239,-1
239,-1
239,-1
239,-1
239,-1
239,-1
239,-1
240,-1
240,-1
240,-1
240,-1
240,-1
240,12
240,-1
240,-1
241,12
241,12
241,12
242,12
242,12
242,12
242,12
242,12
242,12
242,12
242,-1
242,12
242,12
242,12
243,-1
243,12
243,12
243,12
243,12
243,12
243,-1
243,-1
243,12
243,12
243,12
243,-1
243,12
243,12
243,-1
243,-1
243,12
244,12
244,12
244,12
244,12
244,12
244,12
244,12
244,-1
244,12
244,12
244,12
244,-1
244,-1
244,-1
244,12
244,12
244,12
244,12
244,-1
244,-1
244,12
244,-1
245,12
245,12
245,12
245,12
245,12
245,12
245,-1
245,-1
245,-1
245,-1
245,12
245,12
245,12
245,12
245,12
245,12
245,12
245,-1
245,-1
245,-1
245,-1
245,-1
246,12
246,12
246,12
246,12
246,12
246,12
246,12
246,12
246,12
246,12
246,12
246,-1
246,-1
246,-1
246,-1
246,-1
247,12
247,12
247,12
247,12
247,12
247,12
247,12
247,-1
247,12
247,-1
247,12
247,-1
247,12
247,12
247,-1
247,12
247,12
247,12
247,-1
247,12
247,12
248,12
248,12
248,12
248,12
248,12
248,12
248,12
248,12
248,12
248,12
248,12
248,12
248,12
248,12
248,-1
248,-1
249,12
249,12
249,12
249,-1
249,12
249,12
249,12
249,-1
249,12
249,-1
249,12
249,12
249,12
249,12
249,12
249,-1
249,12
249,-1
249,12
250,12
250,12
250,12
250,12
250,12
250,12
250,-1
250,12
250,12
250,12
250,12
250,12
250,12
250,-1
250,12
250,12
251,12
251,12
251,12
251,12
251,12
251,12
251,-1
251,12
251,12
251,12
251,12
251,12
251,12
251,-1
251,-1
252,-1
252,12
252,12
252,12
252,12
252,12
252,12
252,12
252,12
252,12
252,-1
252,-1
252,12
252,-1
252,-1
252,-1
252,-1
252,-1
253,12
253,12
253,12
253,12
253,12
253,-1
253,12
253,12
253,12
253,12
253,12
253,12
253,12
253,12
253,12
253,-1
254,12
254,12
254,12
254,12
254,12
254,-1
254,12
254,12
254,-1
254,12
254,-1
254,12
254,-1
254,12
254,12
255,12
255,12
255,12
255,12
255,12
255,12
255,12
255,12
255,12
255,12
255,12
255,12
256,12
256,12
256,12
256,12
256,12
256,12
256,12
256,12
256,12
256,12
256,12
256,12
256,12
256,12
256,12
256,12
256,12
257,12
257,12
257,12
257,12
257,12
257,12
257,12
257,-1
257,12
257,12
257,12
257,12
257,12
257,12
257,-1
258,12
258,12
258,12
258,12
258,12
258,12
258,12
258,-1
258,12
258,12
258,12
258,12
258,12
258,12
258,-1
259,12
259,12
259,12
259,12
259,12
259,12
259,-1
259,12
259,-1
259,12
259,12
259,-1
259,12
259,12
259,12
259,-1
259,-1
259,-1
259,12
259,-1
260,12
260,12
260,12
260,12
260,12
260,12
260,12
260,12
260,12
260,12
260,-1
261,12
261,12
261,12
261,12
261,12
261,12
261,12
261,-1
261,12
261,12
261,12
261,-1
261,-1
261,-1
262,12
262,12
262,12
262,12
262,12
262,12
262,12
262,12
262,12
262,-1
262,12
263,12
263,12
263,12
263,12
263,12
263,12
263,-1
263,-1
263,12
263,-1
263,12
263,12
263,12
263,12
263,12
264,12
264,12
264,-1
264,12
264,12
264,12
264,12
264,12
264,12
264,12
264,12
264,12
264,12
264,12
264,-1
265,12
265,12
265,12
265,12
265,12
265,12
265,12
265,12
265,12
265,-1
265,12
265,-1
265,12
265,-1
265,-1
266,12
266,12
266,12
266,12
266,12
266,12
266,12
266,-1
266,12
266,12
266,12
266,-1
266,-1
266,12
266,12
266,-1
266,-1
267,12
267,12
267,12
267,12
267,12
267,12
267,12
267,12
267,-1
267,12
267,12
267,12
267,12
267,12
267,12
267,12
267,12
268,12
268,12
268,12
268,12
268,12
268,12
268,12
268,-1
268,12
268,12
268,12
268,12
268,12
269,12
269,12
269,12
269,12
269,12
269,12
269,12
269,12
269,12
269,12
269,12
269,12
269,-1
269,12
269,12
269,-1
270,12
270,12
270,12
270,12
270,12
270,12
270,12
270,12
270,-1
270,12
270,12
270,12
270,12
270,12
270,12
270,12
270,-1
271,12
271,12
271,12
271,12
271,12
271,12
271,12
271,12
271,12
271,12
271,12
271,-1
271,12
271,12
272,12
272,12
272,12
272,12
272,12
272,-1
272,12
272,-1
272,12
273,12
273,12
273,12
273,12
273,12
273,12
273,12
273,12
273,12
273,12
273,12
273,-1
273,-1
273,12
273,12
274,12
274,12
274,12
274,12
274,12
274,12
274,12
274,12
274,12
274,12
275,12
275,12
275,12
275,12
275,12
275,12
275,12
275,12
275,12
275,12
275,12
275,-1
275,12
275,12
276,12
276,12
276,12
276,12
276,12
276,12
276,12
276,-1
276,12
276,-1
276,12
276,12
276,12
276,12
276,12
276,-1
276,12
276,12
276,-1
276,-1
276,12
277,12
277,12
277,12
277,12
277,12
277,12
277,12
277,-1
277,-1
277,12
277,12
277,12
277,12
277,12
277,12
277,-1
277,-1
278,12
278,12
278,12
278,12
278,12
278,12
278,12
278,12
278,12
278,12
278,12
278,12
278,12
278,-1
278,12
278,-1
279,12
279,12
279,12
279,12
279,12
279,12
279,12
279,12
279,-1
279,-1
279,12
279,12
280,12
280,12
280,12
280,12
280,12
280,12
280,-1
280,12
280,12
280,12
280,12
280,12
280,12
280,12
280,12
280,12
280,-1
280,-1
281,12
281,12
281,12
281,12
281,12
281,12
281,12
281,12
281,12
281,12
281,12
281,12
281,12
282,-1
282,12
282,12
282,12
282,12
282,12
282,12
282,12
282,12
282,12
282,12
282,12
282,12
283,12
283,12
283,12
283,12
283,12
283,12
283,12
283,12
284,-1
284,12
284,12
284,12
284,12
284,12
284,12
284,12
284,12
284,12
284,12
284,12
284,12
284,12
284,-1
284,-1
284,-1
285,12
285,12
285,12
285,12
285,12
285,12
285,12
285,12
285,12
285,12
285,12
285,12
285,-1
285,12
285,12
286,12
286,12
286,12
286,12
286,12
286,12
286,12
286,-1
286,-1
286,12
286,12
286,12
286,12
286,12
286,-1
287,12
287,12
287,12
287,12
287,12
287,12
287,12
287,12
287,12
287,12
288,12
288,12
288,12
288,12
288,12
288,12
288,12
288,12
288,12
288,12
288,-1
288,12
288,12
288,-1
288,12
288,12
288,-1
289,12
289,12
289,12
289,12
289,12
289,-1
289,12
289,12
289,12
289,-1
289,12
289,12
289,12
289,12
290,12
290,12
290,12
290,12
290,12
290,12
290,12
290,12
290,12
290,12
290,12
290,12
290,-1
291,12
291,12
291,12
291,12
291,12
291,12
291,-1
291,12
291,12
291,12
291,12
291,12
291,-1
292,12
292,12
292,12
292,12
292,12
292,12
292,12
292,12
292,12
292,12
292,12
292,12
292,12
292,12
292,-1
292,12
293,12
293,12
293,12
293,12
293,12
293,12
293,12
293,12
293,12
293,12
293,12
293,12
293,12
294,12
294,12
294,12
294,12
294,12
294,12
294,12
294,12
294,12
295,12
295,12
295,12
295,12
295,12
295,12
295,12
295,12
295,12
295,12
295,12
295,12
295,12
295,12
296,12
296,12
296,12
296,12
296,12
296,12
296,12
296,12
296,12
296,12
296,12
296,12
296,12
296,12
296,12
296,12
297,12
297,12
297,12
297,12
297,12
297,12
297,12
297,12
297,12
297,12
297,12
297,12
297,-1
297,12
298,12
298,12
298,12
298,12
298,12
298,12
298,12
298,12
298,12
298,12
298,12
298,-1
298,12
298,12
298,-1
298,12
299,12
299,12
299,12
299,12
299,12
299,12
299,12
299,12
299,12
299,12
299,12
299,12
299,12
299,12
300,12
300,12
300,12
300,12
300,12
300,12
300,-1
300,12
300,12
300,12
300,-1
300,12
301,12
301,12
301,12
301,12
301,12
301,12
301,12
301,12
301,12
301,12
301,-1
301,-1
301,12
301,12
301,-1
301,-1
302,12
302,12
302,12
302,12
302,12
302,12
302,12
302,12
302,12
302,12
302,12
302,-1
302,12
302,12
303,-1
303,12
303,12
303,12
303,12
303,12
303,12
303,12
303,12
303,12
303,-1
303,-1
303,-1
303,-1
303,12
304,12
304,12
304,12
304,12
304,12
304,12
304,12
304,12
304,12
304,12
304,12
304,12
304,12
304,12
304,-1
305,12
305,12
305,12
305,12
305,12
305,12
305,12
305,12
305,12
305,12
305,12
305,12
305,12
305,-1
305,-1
306,12
306,12
306,12
306,12
306,12
306,12
306,12
306,12
306,12
306,12
306,-1
306,-1
306,-1
306,-1
307,12
307,12
307,12
307,12
307,12
307,12
307,12
307,-1
307,-1
307,12
307,12
307,12
307,-1
307,-1
307,12
307,-1
307,-1
307,12
307,-1
308,12
308,12
308,12
308,12
308,12
308,12
308,12
308,12
308,-1
308,12
308,-1
308,-1
308,12
309,12
309,12
309,12
309,12
309,12
309,12
309,12
309,12
309,12
309,12
309,12
309,12
309,12
309,12
309,-1
309,12
310,12
310,12
310,12
310,12
310,12
310,12
310,12
310,12
310,12
310,12
310,12
310,12
310,-1
311,12
311,12
311,12
311,12
311,12
311,12
311,12
311,12
311,12
311,12
311,12
311,12
311,12
311,-1
311,12
311,-1
312,12
312,12
312,12
312,12
312,12
312,12
312,12
312,12
312,12
312,12
312,12
312,12
313,12
313,12
313,12
313,12
313,12
313,12
313,12
313,12
313,12
313,12
313,12
313,12
313,12
313,12
313,-1
313,-1
313,-1
313,-1
313,12
313,12
314,12
314,12
314,12
314,12
314,12
314,12
314,12
314,12
314,12
314,12
314,12
314,-1
314,12
314,12
314,-1
314,-1
314,-1
314,-1
315,12
315,12
315,12
315,12
315,12
315,12
315,12
315,12
315,12
315,-1
315,12
315,12
315,12
315,12
315,12
315,12
315,12
315,-1
315,12
315,12
316,12
316,12
316,12
316,12
316,12
316,12
316,12
316,12
316,12
316,12
316,12
316,12
316,12
317,12
317,12
317,12
317,12
317,12
317,12
317,12
317,-1
317,12
317,12
317,12
317,12
317,12
317,12
317,12
317,12
317,-1
317,-1
318,-1
318,-1
318,12
318,12
318,12
318,12
318,12
318,12
318,12
318,12
318,12
318,12
318,-1
318,-1
318,12
318,-1
318,12
318,12
318,12
319,12
319,12
319,12
319,12
319,12
319,12
319,12
319,12
319,12
319,12
319,12
319,12
319,12
319,-1
319,12
319,-1
319,-1
320,12
320,12
320,12
320,12
320,12
320,12
320,12
320,12
320,12
320,-1
320,-1
320,12
320,-1
321,12
321,12
321,12
321,12
321,12
321,12
321,12
321,-1
321,12
321,12
321,12
321,12
321,12
321,12
321,-1
321,-1
321,-1
321,-1
321,-1
321,-1
322,12
322,12
322,12
322,12
322,12
322,-1
322,12
322,12
322,12
322,-1
322,-1
322,12
322,12
322,12
322,-1
322,12
322,12
322,-1
322,12
322,12
322,-1
323,12
323,12
323,12
323,12
323,12
323,12
323,12
323,12
323,12
323,12
323,12
323,12
323,12
323,12
323,12
324,12
324,12
324,12
324,12
324,12
324,12
324,12
324,12
324,12
324,12
324,12
325,12
325,12
325,12
325,12
325,12
325,12
325,12
325,12
325,12
325,12
325,12
325,12
325,-1
325,12
325,-1
326,12
326,12
326,12
326,12
326,12
326,12
326,12
326,-1
326,12
326,12
326,12
326,12
326,12
326,-1
326,12
326,-1
327,12
327,12
327,12
327,12
327,12
327,12
327,12
327,12
327,12
327,12
327,12
327,-1
327,12
327,12
327,12
327,12
327,12
328,12
328,12
328,12
328,12
328,12
328,12
328,12
328,12
328,12
328,12
328,12
328,12
328,12
328,12
328,12
328,12
328,12
328,12
329,12
329,12
329,12
329,12
329,12
329,12
329,12
329,-1
329,12
329,-1
329,12
329,12
329,-1
329,12
329,-1
329,12
329,-1
330,12
330,12
330,12
330,12
330,12
330,12
330,-1
330,12
330,12
330,12
330,12
330,12
330,12
330,12
330,-1
330,-1
330,12
330,-1
330,-1
330,-1
330,-1
331,12
331,12
331,12
331,12
331,12
331,12
331,12
331,12
331,12
331,-1
331,12
331,12
331,12
331,-1
331,-1
331,12
331,12
331,-1
331,12
331,-1
331,-1
332,12
332,12
332,12
332,12
332,-1
332,12
332,12
332,12
333,12
333,12
333,12
333,12
333,12
333,-1
333,12
333,12
333,12
333,12
333,12
333,12
333,12
333,12
334,12
334,12
334,12
334,12
334,12
334,12
334,12
334,12
334,12
334,12
334,-1
335,12
335,12
335,12
335,12
335,12
335,12
335,12
335,-1
335,12
335,12
335,-1
335,12
335,12
335,-1
335,12
336,12
336,12
336,12
336,12
336,12
336,-1
336,12
336,12
336,12
336,12
336,12
336,12
336,12
336,-1
337,12
337,12
337,12
337,12
337,12
337,12
337,-1
337,12
337,-1
337,12
337,-1
337,12
337,12
337,-1
337,-1
337,-1
337,-1
338,12
338,12
338,12
338,12
338,12
338,12
338,12
338,-1
338,-1
338,12
338,-1
338,12
338,12
338,12
338,12
338,12
339,12
339,12
339,-1
339,12
339,12
339,12
339,12
339,-1
339,-1
339,12
339,12
339,12
339,12
339,12
339,12
340,12
340,12
340,12
340,12
340,12
340,12
340,12
340,-1
340,12
340,-1
340,-1
340,12
340,12
340,12
341,12
341,12
341,12
341,12
341,12
341,12
341,-1
341,-1
341,12
341,12
341,12
341,-1
342,12
342,12
342,12
342,12
342,12
342,12
342,12
342,-1
342,12
342,12
342,12
342,-1
342,-1
342,-1
342,12
343,11
343,-1
343,-1
343,-1
343,-1
343,-1
343,-1
343,-1
343,-1
343,-1
343,-1
343,-1
343,-1
343,-1
343,-1
343,-1
343,-1
343,-1
343,-1
343,-1
343,-1
344,-1
344,8
344,8
344,8
344,8
345,8
345,8
345,8
345,-1
346,8
346,8
346,8
346,8
346,-1
347,-1
347,-1
347,-1
347,8
347,8
347,8
347,8
348,-1
348,-1
348,8
348,8
348,8
349,8
349,8
349,8
350,-1
350,-1
350,-1
350,8
350,-1
350,8
350,8
350,8
350,8
351,-1
351,-1
351,-1
351,-1
351,-1
351,8
351,-1
352,8
352,8
352,8
352,8
353,-1
353,11
353,11
353,-1
353,-1
353,-1
353,-1
353,-1
353,-1
353,-1
353,-1
354,-1
354,8
354,8
354,8
354,8
354,8
355,-1
355,8
355,8
355,8
355,-1
356,-1
356,-1
356,8
356,8
357,-1
357,8
357,8
357,8
357,8
358,8
358,8
358,8
358,-1
359,8
359,8
359,8
359,-1
359,8
360,-1
360,-1
360,8
360,-1
361,-1
361,8
361,8
361,8
361,8
362,11
362,11
362,11
362,-1
362,-1
362,8
362,-1
362,-1
362,-1
362,-1
363,11
363,-1
363,11
363,-1
363,-1
363,-1
363,-1
363,-1
363,-1
363,-1
364,-1
364,11
364,11
364,11
364,-1
364,-1
364,-1
364,-1
364,-1
364,-1
364,-1
364,-1
364,-1
364,-1
364,-1
365,-1
365,-1
365,11
365,11
365,11
365,-1
365,-1
365,-1
365,-1
365,-1
365,-1
366,11
366,-1
366,11
366,-1
366,-1
366,-1
366,-1
366,-1
366,-1
367,11
367,11
367,11
367,-1
367,-1
367,-1
367,-1
367,-1
367,-1
367,-1
367,-1
368,11
368,-1
368,11
368,-1
368,-1
368,-1
368,-1
368,-1
368,-1
368,-1
368,-1
369,11
369,11
369,11
369,-1
369,11
369,-1
369,11
369,11
369,-1
369,11
369,-1
369,11
369,-1
369,-1
369,11
369,11
369,-1
369,-1
369,-1
369,-1
369,-1
369,-1
370,-1
370,11
370,-1
370,11
370,-1
370,-1
370,-1
370,-1
371,-1
371,-1
371,11
371,-1
371,-1
371,-1
371,-1
372,11
372,-1
373,-1
373,11
373,-1
373,-1
373,-1
373,11
373,-1
373,-1
373,-1
373,-1
373,-1
373,-1
374,11
374,-1
374,-1
374,-1
374,-1
374,-1
374,-1
374,-1
375,11
375,-1
375,-1
375,-1
375,-1
375,-1
375,-1
375,-1
375,8
375,8
375,-1
375,-1
375,8
375,8
375,-1
375,-1
376,-1
376,-1
376,-1
376,-1
376,-1
376,-1
376,-1
376,8
376,8
376,-1
376,8
376,8
376,8
377,-1
377,-1
377,-1
377,-1
377,-1
377,-1
377,-1
377,8
377,8
377,8
377,8
378,-1
378,-1
378,-1
378,-1
378,-1
378,-1
378,-1
378,-1
378,-1
378,8
378,8
378,8
379,-1
379,-1
379,-1
379,-1
379,-1
379,8
379,8
379,-1
379,-1
379,-1
379,8
379,8
380,-1
380,-1
380,-1
380,-1
380,-1
380,-1
380,-1
380,8
380,-1
380,-1
380,-1
380,8
380,8
380,8
381,-1
381,-1
381,-1
381,-1
381,-1
381,-1
381,8
381,-1
381,-1
381,-1
381,8
381,8
381,8
381,8
381,8
382,-1
382,-1
382,-1
382,-1
382,8
382,-1
382,-1
382,-1
383,-1
383,-1
383,-1
383,-1
383,-1
383,-1
383,-1
383,-1
383,-1
383,8
383,8
383,8
384,-1
384,-1
384,-1
384,-1
384,-1
384,-1
384,-1
384,-1
384,-1
384,-1
384,-1
384,-1
384,8
384,8
384,8
384,8
385,-1
385,-1
385,-1
385,-1
385,8
385,8
385,8
386,-1
386,-1
386,-1
386,-1
386,8
386,-1
386,8
386,-1
386,8
386,8
387,-1
387,-1
387,-1
387,-1
387,-1
387,8
387,8
387,8
388,-1
388,-1
388,-1
388,8
388,8
388,8
389,-1
389,-1
389,8
389,8
389,8
390,-1
390,-1
390,-1
390,-1
390,8
390,8
390,8
391,-1
391,-1
391,11
391,-1
391,-1
391,-1
391,-1
391,-1
392,-1
392,-1
392,11
392,-1
392,-1
392,-1
393,11
393,-1
393,-1
393,-1
393,-1
394,11
394,11
394,-1
394,-1
395,11
395,-1
395,11
395,11
395,-1
395,8
395,-1
395,8
395,8
396,-1
396,11
396,11
396,11
396,-1
396,11
396,-1
396,-1
396,-1
396,-1
396,11
396,-1
396,8
396,8
396,8
397,11
397,11
397,11
397,11
397,11
397,8
397,8
397,8
397,8
398,11
398,11
398,11
398,-1
398,11
398,11
398,-1
398,-1
398,-1
398,-1
398,-1
398,8
398,8
398,8
398,8
399,-1
399,11
399,11
399,-1
399,-1
399,-1
399,-1
399,-1
399,8
399,8
399,8
400,-1
400,11
400,11
400,11
400,-1
400,-1
400,-1
400,8
400,8
400,8
400,8
401,11
401,-1
401,-1
401,-1
401,-1
401,-1
401,-1
401,-1
401,8
401,8
401,8
401,-1
402,-1
402,-1
402,11
402,-1
402,11
402,11
402,-1
402,-1
402,-1
402,8
402,8
402,8
402,8
402,-1
403,11
403,11
403,-1
403,-1
403,-1
403,8
403,-1
404,-1
404,-1
404,-1
404,-1
404,-1
404,-1
404,8
404,8
404,-1
405,-1
405,-1
405,-1
405,-1
405,-1
405,-1
405,-1
405,-1
405,-1
405,-1
405,-1
405,-1
405,8
405,8
406,-1
406,-1
406,-1
406,-1
406,-1
406,-1
406,8
406,8
406,8
406,8
406,8
407,-1
407,11
407,11
407,-1
407,-1
407,-1
407,-1
407,8
407,8
407,8
407,-1
408,-1
408,-1
408,11
408,-1
408,8
408,8
408,8
408,8
409,-1
409,-1
409,-1
409,-1
409,-1
409,-1
409,-1
409,8
409,-1
409,-1
409,-1
410,-1
410,11
410,-1
410,8
410,-1
410,-1
410,8
410,-1
411,-1
411,-1
411,11
411,-1
411,-1
411,-1
411,8
411,8
411,8
412,-1
412,-1
412,8
412,8
412,8
412,8
413,-1
413,-1
413,-1
413,-1
413,8
413,-1
413,-1
414,-1
414,11
414,-1
414,11
414,-1
414,-1
414,-1
414,-1
414,-1
414,8
414,8
414,8
414,-1
415,11
415,-1
415,11
415,-1
415,-1
415,-1
415,8
415,-1
415,8
415,8
416,-1
416,11
416,11
416,-1
416,-1
416,8
416,8
416,8
416,-1
417,-1
417,8
417,8
417,8
417,8
418,11
418,11
418,11
418,8
418,-1
418,-1
419,-1
419,-1
419,11
419,11
419,11
419,-1
419,-1
420,-1
420,-1
420,-1
420,-1
420,8
420,8
420,8
421,-1
421,-1
421,-1
421,-1
421,8
421,8
421,8
421,8
422,-1
422,-1
422,-1
422,8
422,8
422,8
422,-1
422,8
423,-1
423,-1
423,-1
423,-1
423,-1
423,-1
423,-1
423,-1
423,8
423,8
423,8
424,-1
424,-1
424,-1
424,-1
424,-1
424,-1
424,-1
424,8
424,8
424,8
424,8
424,8
424,-1
425,-1
425,-1
425,-1
425,8
425,8
425,8
426,-1
426,8
426,8
426,8
426,8
427,-1
427,-1
427,-1
427,-1
427,8
427,8
427,8
427,-1
427,-1
428,-1
428,8
428,8
428,8
429,-1
429,-1
429,-1
429,-1
429,8
429,-1
429,8
429,-1
429,-1
429,-1
430,-1
430,-1
430,-1
430,-1
430,-1
430,1
430,-1
430,1
430,1
430,-1
430,-1
430,-1
430,-1
431,-1
431,13
431,13
431,13
431,13
431,-1
431,13
431,-1
431,-1
431,-1
431,3
431,3
431,-1
431,3
431,-1
431,-1
431,3
431,3
431,3
431,-1
431,-1
431,-1
431,-1
432,2
432,13
432,13
432,13
432,2
432,2
432,2
432,13
432,13
432,3
432,2
432,3
432,-1
432,-1
433,-1
433,13
433,2
433,2
433,-1
433,2
433,2
433,2
433,3
433,2
433,-1
433,2
433,3
433,2
433,2
433,2
434,13
434,13
434,1
434,2
434,-1
434,2
434,3
434,3
434,-1
434,2
435,-1
435,3
435,2
435,2
435,2
435,2
435,2
435,3
435,-1
435,3
435,2
435,3
435,3
435,2
435,2
435,2
435,2
435,2
436,13
436,2
436,13
436,13
436,-1
436,13
436,-1
436,3
436,-1
436,-1
436,3
436,3
436,3
436,2
436,-1
436,-1
437,2
437,-1
437,13
437,13
437,2
437,13
437,2
437,2
437,13
437,2
437,2
437,2
437,2
437,2
437,2
437,2
437,2
438,2
438,13
438,13
438,-1
438,-1
438,2
438,2
438,3
438,2
438,2
439,13
439,-1
439,13
439,2
439,13
439,13
439,-1
439,13
439,2
439,-1
439,3
439,1
439,-1
439,-1
439,2
439,1
440,13
440,2
440,13
440,13
440,13
440,-1
440,-1
440,3
440,3
440,-1
440,2
441,13
441,13
441,13
441,13
441,2
441,2
441,2
441,2
441,2
441,3
441,2
441,2
441,2
442,13
442,2
442,13
442,-1
442,-1
442,2
442,-1
442,-1
442,3
442,-1
442,-1
442,8
442,-1
442,8
442,-1
442,8
442,8
442,-1
442,-1
442,-1
442,2
443,2
443,13
443,2
443,2
443,2
443,-1
443,-1
443,3
443,-1
443,3
443,8
443,2
443,2
444,13
444,2
444,13
444,-1
444,13
444,2
444,2
444,-1
444,2
444,2
444,2
444,-1
444,2
444,2
444,2
444,2
444,2
444,2
444,2
444,2
445,13
445,13
445,2
445,13
445,2
445,-1
445,-1
445,2
445,2
445,2
445,-1
445,2
445,2
445,2
445,2
446,2
446,2
446,13
446,2
446,2
446,2
446,-1
446,2
446,3
446,2
446,2
446,8
446,2
446,2
446,2
446,2
446,2
447,2
447,2
447,2
447,13
447,-1
447,2
447,-1
447,2
447,2
447,2
447,2
447,2
447,2
447,1
447,1
448,13
448,2
448,-1
448,2
448,2
448,-1
448,2
448,-1
448,3
448,2
448,8
448,3
448,2
448,2
448,2
448,2
449,2
449,2
449,13
449,-1
449,-1
449,-1
449,8
449,3
449,-1
449,-1
449,-1
450,2
450,13
450,13
450,13
450,-1
450,-1
450,2
450,13
450,-1
450,-1
450,8
450,2
450,8
450,2
450,2
450,2
450,2
451,13
451,13
451,13
451,2
451,-1
451,2
451,2
451,2
451,-1
451,-1
451,3
451,-1
451,8
451,8
451,-1
451,2
451,2
451,-1
452,13
452,2
452,2
452,13
452,2
452,2
452,2
452,2
452,2
452,2
452,2
452,2
452,2
452,2
453,13
453,13
453,2
453,13
453,2
453,-1
453,-1
453,-1
453,2
453,2
453,2
453,2
453,2
453,2
453,2
453,2
453,2
453,2
453,2
453,2
453,2
454,13
454,2
454,-1
454,2
454,2
454,2
454,3
454,2
454,-1
454,3
454,3
454,3
454,-1
454,2
454,-1
454,-1
454,-1
454,2
454,2
455,13
455,13
455,-1
455,13
455,2
455,2
455,2
455,2
455,2
455,2
455,2
455,2
455,2
455,2
455,2
455,2
455,2
455,2
455,2
455,2
455,2
456,-1
456,13
456,13
456,13
456,2
456,13
456,-1
456,-1
456,-1
456,-1
456,-1
456,3
456,3
456,13
456,3
456,3
456,-1
456,-1
456,-1
457,-1
457,13
457,2
457,-1
457,-1
457,2
457,-1
457,-1
457,3
457,3
457,3
457,3
457,-1
457,2
457,-1
457,2
457,-1
457,2
458,2
458,-1
458,-1
458,-1
458,-1
458,2
458,2
458,-1
458,3
458,3
458,2
458,3
458,-1
458,-1
458,2
459,-1
459,-1
459,-1
459,-1
459,13
459,-1
459,-1
459,-1
459,-1
459,-1
459,-1
459,3
459,-1
459,-1
459,-1
459,3
459,3
459,3
459,3
459,-1
459,-1
459,-1
460,-1
460,-1
460,-1
460,2
460,2
460,-1
460,-1
460,-1
460,3
460,3
460,3
460,-1
460,2
461,-1
461,-1
461,-1
461,-1
461,-1
461,-1
461,-1
461,-1
461,-1
461,-1
461,3
461,3
461,-1
461,-1
461,-1
461,-1
461,-1
461,-1
461,3
461,3
461,3
461,-1
461,-1
461,-1
461,-1
461,-1
461,-1
461,-1
461,-1
461,-1
461,-1
461,3
461,-1
461,1
462,-1
462,-1
462,2
462,-1
462,-1
462,2
462,2
462,2
462,2
462,3
462,2
463,3
463,3
463,3
463,3
463,3
463,3
463,3
463,-1
463,3
463,-1
463,-1
463,3
463,3
463,3
463,3
463,3
463,3
463,-1
463,3
463,3
463,3
463,-1
464,-1
464,3
464,-1
464,-1
464,8
464,3
464,-1
464,8
464,3
464,-1
464,-1
464,-1
464,-1
464,-1
464,3
464,3
464,3
464,8
464,3
464,-1
464,-1
464,-1
464,-1
464,1
464,1
465,-1
465,2
465,-1
465,-1
465,2
465,2
465,2
465,2
465,2
465,2
465,2
465,-1
465,2
465,2
465,-1
465,8
465,3
465,3
465,-1
465,2
465,2
465,2
466,-1
466,2
466,-1
466,2
466,-1
466,-1
466,-1
466,-1
466,1
466,-1
466,3
466,-1
466,3
466,8
466,-1
466,-1
466,1
466,2
467,-1
467,-1
467,2
467,-1
467,-1
467,-1
467,-1
467,3
467,-1
467,2
467,1
467,3
467,-1
467,-1
467,-1
467,-1
467,-1
467,-1
467,-1
467,-1
467,-1
467,1
468,-1
468,-1
468,-1
468,3
468,3
468,-1
468,-1
468,-1
468,-1
468,-1
468,-1
468,3
468,-1
468,-1
468,-1
468,3
468,-1
468,3
468,3
468,3
468,-1
468,-1
468,8
468,-1
468,8
469,-1
469,-1
469,-1
469,2
469,-1
469,-1
469,2
469,2
469,2
469,-1
469,2
469,-1
469,2
469,3
469,2
469,2
469,3
469,3
469,2
469,2
469,2
469,2
469,2
469,-1
469,2
469,-1
469,-1
469,-1
469,-1
470,-1
470,2
470,3
470,-1
470,3
470,-1
470,-1
470,-1
470,-1
470,2
470,-1
470,2
470,3
470,3
470,3
470,-1
470,-1
470,-1
470,-1
470,-1
470,2
470,1
470,1
471,2
471,2
471,-1
471,2
471,2
471,2
471,2
471,-1
471,2
471,2
471,2
471,2
471,2
471,3
471,3
471,3
471,-1
471,2
471,-1
471,2
471,2
471,2
471,3
471,2
472,2
472,-1
472,-1
472,2
472,-1
472,-1
472,2
472,2
472,2
472,2
472,-1
472,2
472,-1
472,3
472,3
472,2
472,2
472,2
472,3
472,3
472,3
472,3
472,2
472,2
472,-1
472,-1
472,-1
472,-1
472,2
472,2
472,-1
472,-1
472,1
472,1
473,1
473,-1
473,-1
473,8
473,-1
473,-1
473,-1
473,-1
473,-1
473,8
473,8
473,-1
473,3
473,3
473,3
473,-1
473,-1
473,-1
473,-1
473,-1
473,-1
474,-1
474,2
474,-1
474,-1
474,2
474,2
474,3
474,2
474,2
474,3
474,2
474,3
474,-1
475,-1
475,-1
475,2
475,-1
475,2
475,-1
475,2
475,2
475,-1
475,-1
475,3
475,3
475,-1
475,2
475,-1
475,2
475,-1
475,2
475,2
475,2
476,-1
476,-1
476,-1
476,-1
476,-1
476,-1
476,3
476,-1
476,1
476,-1
476,3
476,-1
476,-1
476,8
476,3
476,3
476,-1
476,-1
476,-1
476,-1
476,-1
476,1
477,-1
477,-1
477,2
477,-1
477,2
477,-1
477,-1
477,2
477,2
477,3
477,2
477,8
477,3
477,2
477,3
477,-1
477,-1
477,-1
477,2
477,-1
477,-1
477,2
477,1
478,-1
478,-1
478,8
478,-1
478,-1
478,3
478,-1
478,-1
478,3
478,-1
478,-1
478,-1
478,-1
478,8
478,3
478,3
478,3
478,-1
478,-1
478,-1
478,8
479,-1
479,-1
479,-1
479,1
479,-1
479,3
479,-1
479,-1
479,-1
479,3
479,-1
479,3
479,3
479,-1
479,-1
479,-1
479,-1
479,-1
479,-1
480,2
480,-1
480,-1
480,-1
480,-1
480,3
480,-1
480,3
480,2
480,-1
480,3
480,3
480,2
480,-1
480,-1
480,2
480,-1
480,-1
480,-1
480,-1
480,-1
480,2
480,-1
480,1
480,1
480,1
481,2
481,2
481,2
481,-1
481,-1
481,-1
481,-1
481,2
481,2
481,3
481,2
481,2
481,2
481,2
481,3
481,2
481,3
481,2
481,-1
481,2
481,2
481,-1
481,-1
481,-1
481,-1
481,3
481,-1
482,-1
482,-1
482,-1
482,2
482,-1
482,2
482,2
482,2
482,2
482,-1
482,3
482,3
482,3
482,3
482,2
482,2
482,-1
482,-1
482,-1
482,-1
482,2
482,1
483,3
483,-1
483,3
483,-1
483,-1
483,-1
483,-1
483,1
483,-1
483,3
483,3
483,-1
483,3
483,3
483,-1
483,-1
483,-1
483,-1
483,-1
483,-1
483,1
483,-1
483,-1
484,-1
484,-1
484,2
484,-1
484,-1
484,-1
484,3
484,8
484,1
484,3
484,2
484,-1
484,-1
484,2
484,-1
484,2
484,2
484,2
484,1
484,2
484,1
485,-1
485,3
485,13
485,3
485,13
485,3
485,-1
485,3
485,3
485,13
485,3
485,3
485,3
485,3
485,3
485,3
485,-1
485,3
485,-1
485,-1
485,3
486,2
486,2
486,-1
486,2
486,-1
486,2
486,3
486,2
486,2
486,-1
486,-1
486,-1
486,-1
486,1
486,2
487,2
487,2
487,-1
487,-1
487,2
487,-1
487,2
487,-1
487,3
487,3
487,3
487,2
487,3
487,-1
487,-1
487,2
487,-1
487,-1
487,-1
487,2
487,1
487,2
487,1
487,2
487,2
488,2
488,2
488,8
488,-1
488,2
488,-1
488,3
488,3
488,3
488,8
488,8
488,8
488,-1
488,2
489,2
489,-1
489,2
489,2
489,2
489,2
489,-1
489,-1
489,2
489,3
489,3
489,-1
489,-1
489,-1
489,-1
490,2
490,2
490,-1
490,2
490,2
490,2
490,-1
490,1
490,3
490,3
490,-1
490,-1
490,-1
490,-1
490,2
490,2
490,2
490,1
491,2
491,2
491,-1
491,2
491,2
491,-1
491,2
491,-1
491,-1
491,1
491,2
491,2
491,-1
491,-1
491,-1
491,-1
491,2
491,2
492,2
492,2
492,2
492,2
492,2
492,-1
492,-1
492,2
492,2
492,-1
492,3
492,1
492,2
492,-1
492,2
492,2
493,2
493,2
493,-1
493,-1
493,2
493,-1
493,2
493,3
493,3
493,2
493,-1
493,2
493,-1
493,2
493,-1
494,-1
494,2
494,2
494,-1
494,2
494,2
494,-1
494,2
494,-1
494,2
494,-1
494,3
494,2
494,2
494,-1
494,3
494,2
494,2
494,2
494,-1
494,2
494,2
494,-1
494,1
495,2
495,2
495,-1
495,-1
495,-1
495,-1
495,-1
495,2
495,-1
495,2
495,-1
495,3
495,3
495,-1
495,-1
495,3
495,-1
495,-1
495,-1
495,2
495,-1
495,1
495,-1
496,-1
496,3
496,13
496,3
496,-1
496,3
496,3
496,-1
496,-1
496,3
496,3
496,3
496,-1
496,3
496,3
496,3
496,3
496,3
496,3
496,-1
496,-1
496,3
496,-1
496,3
496,3
496,-1
496,-1
497,2
497,3
497,-1
497,-1
497,-1
497,-1
497,-1
497,-1
497,2
497,3
497,3
497,-1
497,3
497,3
497,-1
497,-1
497,2
497,-1
497,2
497,2
497,-1
498,3
498,-1
498,2
498,3
498,3
498,-1
498,3
498,3
498,3
498,2
498,2
498,2
498,-1
498,2
498,2
498,1
499,-1
499,-1
499,2
499,-1
499,-1
499,-1
499,2
499,-1
499,-1
499,2
499,3
499,3
499,3
499,2
499,2
499,-1
499,-1
499,1
499,-1
499,-1
499,-1
500,2
500,2
500,2
500,2
500,2
500,2
500,2
500,2
500,2
500,2
500,2
500,2
500,2
501,-1
501,-1
501,-1
501,2
501,-1
501,2
501,2
501,2
501,2
501,2
501,2
501,2
501,2
501,2
501,2
501,2
501,2
501,2
501,1
501,-1
502,-1
502,2
502,2
502,2
502,2
502,2
502,2
502,2
502,2
502,2
502,2
502,2
502,2
502,2
502,1
503,-1
503,2
503,-1
503,2
503,-1
503,-1
503,-1
503,2
503,2
503,2
503,2
503,2
503,2
503,2
503,2
503,2
503,1
504,-1
504,2
504,-1
504,2
504,-1
504,2
504,2
504,2
504,2
504,2
504,2
504,2
504,2
504,2
504,2
504,2
505,2
505,2
505,2
505,2
505,2
505,2
505,2
505,2
505,2
505,2
505,2
505,2
505,2
505,2
505,2
506,-1
506,2
506,-1
506,2
506,3
506,3
506,2
506,2
506,-1
506,-1
506,2
506,2
506,2
506,2
506,2
506,1
506,2
507,-1
507,-1
507,2
507,2
507,2
507,2
507,3
507,3
507,2
507,3
507,3
507,3
507,2
507,2
508,-1
508,2
508,2
508,2
508,-1
508,2
508,-1
508,2
508,1
508,-1
508,1
508,-1
508,2
508,2
508,2
509,2
509,2
509,2
509,-1
509,-1
509,2
509,3
509,2
509,2
510,-1
510,2
510,-1
510,-1
510,2
510,2
510,-1
510,3
510,3
510,2
510,-1
511,2
511,-1
511,2
511,3
511,2
511,3
511,2
511,-1
511,2
511,2
511,-1
511,2
512,2
512,2
512,-1
512,2
512,2
512,3
512,3
512,-1
512,2
512,-1
512,-1
512,-1
513,3
513,-1
513,2
513,2
513,2
513,2
513,3
513,2
513,3
513,3
513,2
513,1
514,-1
514,-1
514,-1
514,3
514,-1
514,-1
514,-1
514,3
514,-1
514,-1
514,-1
514,3
514,3
514,1
514,3
514,-1
514,3
514,3
514,-1
514,-1
514,-1
514,-1
514,-1
514,-1
514,1
514,1
515,-1
515,2
515,2
515,-1
515,2
515,3
515,3
515,-1
515,-1
515,2
516,2
516,-1
516,-1
516,-1
516,2
516,-1
516,3
516,3
516,-1
516,3
516,-1
516,-1
517,-1
517,2
517,-1
517,2
517,2
517,3
517,2
517,1
517,2
517,2
517,1
517,2
518,13
518,13
518,13
518,13
518,13
518,13
518,13
518,13
518,-1
518,3
518,-1
518,3
518,3
518,3
518,3
518,3
518,3
518,-1
518,3
519,-1
519,2
519,3
519,-1
519,-1
519,3
519,3
519,-1
519,1
519,-1
519,1
519,1
519,2
519,1
519,-1
520,2
520,2
520,2
520,2
520,2
520,2
520,2
520,2
520,2
520,2
520,2
520,2
521,-1
521,-1
521,2
521,2
521,-1
521,-1
521,3
521,3
521,-1
521,-1
521,-1
521,-1
521,-1
521,-1
521,2
522,-1
522,-1
522,-1
522,-1
522,2
522,2
522,2
522,3
522,3
522,2
522,2
523,2
523,-1
523,-1
523,2
523,3
523,-1
523,-1
523,-1
524,2
524,7
524,2
524,2
524,3
524,3
524,3
524,7
524,-1
525,2
525,2
525,2
525,7
525,2
525,-1
525,3
525,2
525,3
525,-1
525,2
526,2
526,-1
526,-1
526,3
526,2
526,2
526,2
526,3
526,3
526,3
526,2
526,-1
526,-1
527,2
527,2
527,13
527,13
527,3
527,2
527,2
527,2
527,3
527,2
527,-1
527,3
527,3
527,2
527,-1
527,-1
527,2
528,7
528,2
528,2
528,2
528,2
528,2
528,2
528,3
528,3
528,-1
529,-1
529,-1
529,2
529,-1
529,-1
529,2
529,2
529,3
529,2
529,-1
529,2
529,2
529,2
529,1
530,-1
530,-1
530,2
530,3
530,2
530,3
530,2
530,3
530,2
530,3
530,2
530,3
530,-1
530,2
530,-1
530,2
531,-1
531,2
531,-1
531,2
531,-1
531,3
531,3
531,3
531,-1
531,-1
531,2
531,2
531,2
532,-1
532,2
532,-1
532,2
532,2
532,2
532,-1
532,3
532,3
532,-1
532,2
532,2
533,-1
533,-1
533,2
533,2
533,2
533,2
533,2
533,3
533,2
533,3
533,2
533,2
533,3
533,2
533,2
533,2
533,2
534,2
534,2
534,2
534,2
534,2
534,3
534,2
534,2
534,3
534,3
534,-1
534,2
534,2
535,13
535,13
535,2
535,-1
535,-1
535,13
535,2
535,-1
535,-1
535,13
535,-1
535,2
535,2
535,3
535,-1
535,-1
536,13
536,2
536,13
536,2
536,13
536,-1
536,-1
536,2
536,-1
536,2
536,3
536,3
536,3
536,2
536,-1
536,2
536,-1
537,2
537,2
537,13
537,3
537,2
537,-1
537,2
537,-1
537,-1
537,2
537,-1
537,2
537,3
537,2
537,2
537,-1
537,3
537,3
537,2
537,2
538,-1
538,2
538,13
538,2
538,13
538,3
538,-1
538,3
538,3
538,-1
538,3
538,8
538,2
538,-1
538,2
538,8
538,2
538,8
539,13
539,13
539,13
539,2
539,13
539,13
539,13
539,-1
539,2
539,3
539,3
539,2
539,3
539,2
540,2
540,13
540,13
540,13
540,-1
540,2
540,-1
540,-1
540,3
540,3
540,3
540,-1
540,2
540,-1
540,2
541,2
541,-1
541,-1
541,13
541,13
541,2
541,-1
541,2
541,3
541,2
541,3
541,2
541,3
541,3
541,2
542,2
542,13
542,13
542,2
542,13
542,13
542,-1
542,-1
542,2
542,3
542,1
542,2
542,-1
542,1
543,13
543,-1
543,13
543,2
543,2
543,-1
543,-1
543,3
543,2
543,3
543,3
543,-1
543,2
544,13
544,13
544,2
544,13
544,-1
544,3
544,3
544,3
544,3
544,3
544,2
544,2
544,2
544,2
545,2
545,13
545,-1
545,-1
545,2
545,2
545,-1
545,2
545,3
545,2
545,2
545,2
545,2
545,2
545,-1
546,2
546,13
546,2
546,2
546,2
546,2
546,2
546,2
546,2
546,2
546,2
546,2
546,2
546,2
546,2
547,13
547,2
547,2
547,-1
547,13
547,2
547,3
547,13
547,3
547,3
547,-1
547,-1
547,-1
548,13
548,2
548,13
548,13
548,13
548,13
548,2
548,3
548,3
548,-1
548,2
